DemDexc	AemDexc	E	T
1499.05	599.04	0.333	0.05
1130.3	396.9	0.2951	0.1
381.3	312.1	0.5449	0.15000000000000002
147.85	296.2	0.7603	0.2
413.05	395.72	0.5885	0.25
103.7	457.04	0.8777	0.3
323.2	213.36	0.4828	0.35000000000000003
259.75	120.54	0.3776	0.4
435.35	368.76	0.5546	0.45
762.5	427.74	0.4345	0.5
527.1	327.78	0.4652	0.55
596.8	315.46	0.4167	0.6000000000000001
763.75	248.02	0.2725	0.6500000000000001
377.9	305.92	0.5418	0.7000000000000001
383.35	214.1	0.4332	0.7500000000000001
369.65	266.04	0.5081	0.8
524.85	347.84	0.484	0.8500000000000001
372.05	218.9	0.4487	0.9000000000000001
136.2	270.7	0.7588	0.9500000000000001
347.6	262.54	0.522	1.0
284.1	193.42	0.4919	1.05
378.8	252.08	0.4852	1.1
258.35	295.46	0.635	1.1500000000000001
706.15	335.32	0.3845	1.2000000000000002
579.95	218.74	0.316	1.2500000000000002
422.5	305.88	0.5098	1.3
384.35	253.0	0.482	1.35
489.05	414.66	0.5549	1.4000000000000001
355.6	377.52	0.6158	1.4500000000000002
606.15	438.7	0.5097	1.5000000000000002
393.55	298.02	0.5228	1.55
508.9	294.82	0.4441	1.6
468.2	383.58	0.5452	1.6500000000000001
191.8	42.26	0.1671	1.7000000000000002
317.45	249.64	0.5336	1.7500000000000002
728.1	289.76	0.3318	1.8
167.7	234.6	0.684	1.85
552.9	209.94	0.318	1.9000000000000001
436.3	214.52	0.395	1.9500000000000002
337.2	273.94	0.5428	2.0
843.8	384.86	0.3725	2.05
618.7	271.4	0.3608	2.1
321.95	361.3	0.6301	2.15
268.15	406.58	0.7024	2.1999999999999997
443.15	327.28	0.5156	2.25
409.15	280.14	0.4935	2.3
414.95	385.0	0.5798	2.35
715.55	188.18	0.2136	2.4
791.1	207.68	0.2131	2.45
779.75	98.84	0.0427	2.5
301.1	275.34	0.5758	2.55
389.3	295.94	0.5239	2.6
360.25	322.56	0.57	2.65
655.4	282.08	0.3551	2.7
585.4	330.16	0.4361	2.75
323.9	323.38	0.5996	2.8
580.9	213.42	0.3083	2.85
510.5	277.24	0.4248	2.9
760.75	424.98	0.4332	2.95
386.3	535.08	0.6817	3.0
346.45	274.58	0.5358	3.05
755.9	236.88	0.2623	3.1
433.15	382.1	0.5659	3.15
499.55	211.7	0.3505	3.2
517.1	287.14	0.4314	3.25
300.3	248.54	0.5481	3.3
399.45	419.78	0.6131	3.35
309.2	406.02	0.6691	3.4
247.95	382.64	0.7063	3.45
648.85	309.3	0.3857	3.5
448.85	166.22	0.3106	3.55
578.2	276.08	0.3862	3.6
369.1	61.36	0.0994	3.65
534.95	231.72	0.357	3.7
322.3	436.1	0.6762	3.75
283.85	286.16	0.6022	3.8
332.15	232.0	0.4994	3.85
740.6	184.18	0.1986	3.9
891.05	264.98	0.2475	3.95
416.45	397.54	0.5875	4.0
870.2	431.66	0.3976	4.05
605.6	198.16	0.2747	4.1
394.3	90.88	0.1786	4.15
687.4	406.38	0.4501	4.2
647.9	265.02	0.34	4.25
560.0	220.32	0.3284	4.3
365.15	266.42	0.512	4.35
626.15	182.12	0.2413	4.4
504.2	109.76	0.164	4.45
488.3	150.94	0.2584	4.5
373.65	205.78	0.429	4.55
475.5	241.72	0.405	4.6
484.0	283.74	0.4476	4.65
238.65	303.34	0.6612	4.7
693.9	272.86	0.3283	4.75
462.9	235.22	0.4048	4.8
324.15	348.6	0.6192	4.8500000000000005
724.6	243.52	0.2824	4.9
823.25	579.64	0.5017	4.95
457.05	297.96	0.4791	5.0
433.6	442.02	0.6051	5.05
457.45	230.74	0.4026	5.1000000000000005
355.35	297.62	0.5514	5.15
523.15	329.2	0.4687	5.2
386.15	367.52	0.5867	5.25
539.45	342.26	0.4711	5.3
238.1	167.24	0.501	5.3500000000000005
494.95	157.0	0.2658	5.4
312.85	413.74	0.6708	5.45
602.95	329.12	0.4263	5.5
682.1	303.02	0.3646	5.55
539.05	208.2	0.323	5.6000000000000005
339.25	208.32	0.4614	5.65
617.5	203.48	0.2767	5.7
558.75	265.38	0.3846	5.75
396.2	394.74	0.599	5.8
607.9	205.9	0.2846	5.8500000000000005
429.5	267.26	0.4654	5.9
255.1	235.34	0.5782	5.95
94.05	312.86	0.8432	6.0
348.25	159.34	0.3734	6.05
387.95	269.0	0.4972	6.1000000000000005
446.4	254.06	0.4388	6.15
668.5	270.92	0.3372	6.2
379.3	337.98	0.5687	6.25
588.75	357.0	0.4577	6.3
382.95	231.46	0.4567	6.3500000000000005
681.85	272.14	0.3327	6.4
445.35	300.36	0.4891	6.45
317.4	81.54	0.2073	6.5
274.35	307.22	0.6296	6.55
393.25	474.1	0.6482	6.6000000000000005
507.55	260.92	0.4083	6.65
545.8	249.26	0.3728	6.7
561.0	202.56	0.3032	6.75
558.7	194.7	0.2929	6.8
362.05	270.24	0.5186	6.8500000000000005
398.8	162.66	0.3391	6.9
568.45	284.26	0.4	6.95
315.0	260.14	0.5475	7.0
646.15	248.52	0.3217	7.05
42.7	419.58	0.9419	7.1000000000000005
539.35	342.88	0.4717	7.15
378.3	323.26	0.557	7.2
407.3	377.94	0.5798	7.25
467.95	375.76	0.5395	7.3
263.85	220.32	0.5506	7.3500000000000005
455.25	557.74	0.6522	7.4
663.15	214.56	0.2714	7.45
-201.55	254.44	1.787	7.5
43.8	298.62	0.918	7.55
61.9	185.26	0.8282	7.6000000000000005
-156.85	248.6	1.553	7.65
128.3	335.86	0.8076	7.7
-140.85	251.7	1.4662	7.75
236.75	201.58	0.556	7.8
-45.75	155.9	1.2064	7.8500000000000005
86.6	177.3	0.7645	7.9
-44.55	305.2	1.0945	7.95
99.35	138.44	0.6831	8.0
3.9	224.36	0.9897	8.05
-109.1	56.14	42.1698	8.100000000000001
-22.55	183.06	1.0788	8.15
112.55	273.3	0.7951	8.200000000000001
-115.95	254.26	1.3544	8.250000000000002
-160.4	127.28	3.0442	8.3
243.15	323.3	0.6721	8.350000000000001
144.15	262.42	0.7414	8.4
174.9	356.14	0.7634	8.450000000000001
-200.25	194.04	2.2793	8.500000000000002
-56.7	370.16	1.0995	8.55
-29.2	227.54	1.0823	8.600000000000001
-49.75	379.66	1.0841	8.65
-155.25	152.7	2.2408	8.700000000000001
-43.2	287.12	1.0976	8.750000000000002
12.95	281.34	0.973	8.8
-44.05	191.78	1.1557	8.850000000000001
173.4	177.4	0.6061	8.9
1.65	41.22	0.9765	8.950000000000001
-196.85	252.36	1.7673	9.000000000000002
-168.0	194.26	1.9142	9.05
-61.5	316.88	1.129	9.100000000000001
1.35	423.38	0.9981	9.15
-184.45	236.56	1.7668	9.200000000000001
104.1	166.74	0.7145	9.250000000000002
39.0	236.94	0.9088	9.3
-0.85	250.16	1.002	9.350000000000001
-19.65	201.68	1.0615	9.4
-73.5	477.58	1.1	9.450000000000001
188.9	187.34	0.5978	9.500000000000002
-114.25	276.1	1.313	9.55
-35.2	213.96	1.1076	9.600000000000001
14.9	259.44	0.9665	9.650000000000002
-291.9	481.76	1.5215	9.700000000000001
106.35	270.58	0.8029	9.750000000000002
-269.3	265.52	2.2347	9.8
-50.25	447.36	1.0714	9.850000000000001
-129.9	291.82	1.3435	9.900000000000002
32.9	257.5	0.9279	9.950000000000001
-144.1	341.78	1.3205	10.000000000000002
-232.3	300.26	1.757	10.05
58.2	292.54	0.8914	10.100000000000001
64.15	229.36	0.8528	10.150000000000002
24.1	216.18	0.9366	10.200000000000001
37.9	393.6	0.9449	10.250000000000002
440.3	406.58	0.5785	10.3
-133.9	276.56	1.3833	10.350000000000001
-168.8	258.14	1.5829	10.400000000000002
57.45	261.64	0.8813	10.450000000000001
133.8	209.42	0.7095	10.500000000000002
-74.85	160.82	1.364	10.55
9.65	322.3	0.9823	10.600000000000001
-53.15	464.76	1.0728	10.650000000000002
79.95	420.72	0.8959	10.700000000000001
322.75	421.48	0.6678	10.750000000000002
99.35	356.2	0.8531	10.8
200.1	506.94	0.8022	10.850000000000001
117.75	341.66	0.8236	10.900000000000002
91.35	235.48	0.8051	10.950000000000001
-151.8	363.74	1.3164	11.000000000000002
182.85	256.08	0.6843	11.05
-12.5	434.34	1.0175	11.100000000000001
88.9	429.76	0.8875	11.150000000000002
-4.3	285.06	1.0091	11.200000000000001
274.9	364.58	0.6715	11.250000000000002
-30.0	326.64	1.0578	11.3
-15.05	184.2	1.0511	11.350000000000001
14.5	269.1	0.9685	11.400000000000002
243.35	290.52	0.6458	11.450000000000001
-110.3	242.46	1.3533	11.500000000000002
-149.1	163.02	2.0112	11.55
-30.65	324.34	1.0595	11.600000000000001
-215.1	259.46	1.8496	11.650000000000002
204.45	325.54	0.7132	11.700000000000001
198.45	333.96	0.7251	11.750000000000002
11.15	351.94	0.9813	11.8
-50.3	237.84	1.1419	11.850000000000001
-94.65	182.7	1.4195	11.900000000000002
40.3	440.68	0.9475	11.950000000000001
42.15	447.32	0.946	12.000000000000002
-67.8	211.4	1.2292	12.05
15.35	245.96	0.9637	12.100000000000001
279.9	280.34	0.6004	12.150000000000002
-53.75	183.26	1.2062	12.200000000000001
-94.85	198.2	1.3774	12.250000000000002
-96.65	237.24	1.307	12.3
-27.75	278.64	1.0629	12.350000000000001
126.3	260.36	0.7658	12.400000000000002
111.4	210.46	0.7489	12.450000000000001
22.65	128.88	0.9031	12.500000000000002
-2.65	331.68	1.0048	12.55
121.7	292.16	0.7932	12.600000000000001
185.6	308.58	0.7226	12.650000000000002
220.85	325.28	0.6959	12.700000000000001
57.95	240.28	0.8709	12.750000000000002
153.1	358.26	0.7887	12.8
-233.85	225.46	2.2928	12.850000000000001
63.85	348.88	0.8994	12.900000000000002
-10.4	360.96	1.0175	12.950000000000001
94.85	247.46	0.807	13.000000000000002
174.25	153.14	0.5649	13.05
59.4	282.96	0.886	13.100000000000001
-11.7	220.38	1.0327	13.150000000000002
375.55	91.1	0.192	13.200000000000001
15.3	428.96	0.979	13.250000000000002
-71.4	311.8	1.1552	13.3
-51.35	379.06	1.0872	13.350000000000001
-26.95	241.54	1.0709	13.400000000000002
-107.65	194.22	1.4601	13.450000000000001
-167.55	207.08	1.8153	13.500000000000002
80.0	245.66	0.832	13.55
64.55	374.36	0.9048	13.600000000000001
24.0	192.8	0.9297	13.650000000000002
30.75	327.68	0.9462	13.700000000000001
-99.9	410.62	1.1662	13.750000000000002
67.25	266.24	0.8654	13.8
24.05	126.88	0.8961	13.850000000000001
-101.95	223.44	1.3547	13.900000000000002
-68.45	347.04	1.1313	13.950000000000001
-337.1	236.92	3.9583	14.000000000000002
74.1	226.96	0.8316	14.05
-159.95	267.04	1.513	14.100000000000001
72.7	326.44	0.8798	14.150000000000002
-408.1	430.48	2.0814	14.200000000000001
-65.65	435.74	1.0978	14.250000000000002
146.4	584.9	0.8665	14.3
-125.9	548.62	1.1555	14.350000000000001
191.9	230.68	0.6475	14.400000000000002
39.85	139.74	0.8502	14.450000000000001
-35.5	276.06	1.0825	14.500000000000002
-242.25	392.18	1.5362	14.55
35.2	339.9	0.9409	14.600000000000001
-63.1	385.06	1.1071	14.650000000000002
46.55	418.34	0.9368	14.700000000000001
-91.65	162.64	1.4707	14.750000000000002
124.75	369.72	0.8268	14.8
-157.25	185.92	1.8794	14.850000000000001
41.15	370.14	0.9368	14.900000000000002
-83.05	355.32	1.1588	14.950000000000001
191.15	210.86	0.6257	15.000000000000002
-35.3	378.26	1.0587	15.05
-5.1	253.06	1.0122	15.100000000000001
-55.0	217.78	1.1734	15.150000000000002
32.45	332.48	0.9442	15.200000000000001
159.85	228.84	0.6894	15.250000000000002
143.0	199.9	0.6839	15.3
41.6	215.38	0.8943	15.350000000000001
4.75	419.6	0.9932	15.400000000000002
7.15	251.2	0.9832	15.450000000000001
299.35	162.74	0.4251	15.500000000000002
-163.2	214.46	1.737	15.55
217.45	403.14	0.7451	15.600000000000001
-25.95	288.62	1.0565	15.650000000000002
-187.2	393.56	1.3744	15.700000000000001
-106.75	293.7	1.2665	15.750000000000002
76.9	387.2	0.8916	15.8
-192.45	317.32	1.5223	15.850000000000001
-43.45	307.58	1.0912	15.900000000000002
-64.6	404.2	1.1042	15.950000000000001
200.4	335.02	0.7237	16.0
-163.4	327.3	1.3992	16.05
13.85	186.98	0.9571	16.1
74.0	147.88	0.7598	16.150000000000002
-123.6	144.56	1.8961	16.200000000000003
-81.45	260.52	1.2223	16.25
-326.35	92.86	-1.7848	16.3
-209.35	168.82	2.9582	16.35
-168.75	270.02	1.5454	16.400000000000002
8.9	125.22	0.9588	16.450000000000003
-148.0	359.66	1.3109	16.5
-94.75	345.22	1.1909	16.55
-11.15	305.8	1.0223	16.6
-85.85	117.86	1.6874	16.650000000000002
4.6	243.04	0.9888	16.700000000000003
-40.55	139.26	1.2045	16.75
44.55	168.06	0.8596	16.8
-43.15	387.22	1.0708	16.85
-240.4	278.44	1.9115	16.900000000000002
-193.95	316.0	1.5313	16.950000000000003
-10.75	249.78	1.0264	17.0
-323.95	375.5	1.9103	17.05
248.9	296.0	0.6448	17.1
67.85	453.4	0.9165	17.150000000000002
204.3	279.0	0.6784	17.200000000000003
-140.7	263.16	1.4378	17.25
101.5	185.78	0.7425	17.3
-112.25	268.44	1.3172	17.35
-116.9	495.26	1.1606	17.400000000000002
-90.8	310.72	1.2053	17.450000000000003
73.85	243.32	0.8419	17.5
2.25	294.38	0.9954	17.55
12.55	327.0	0.9774	17.6
-135.95	352.14	1.2871	17.650000000000002
-14.6	397.1	1.0225	17.700000000000003
-184.8	288.36	1.5658	17.75
-17.85	360.92	1.0304	17.8
-273.5	255.48	2.3821	17.85
24.0	250.4	0.9451	17.900000000000002
52.35	99.9	0.7509	17.950000000000003
129.2	40.86	0.2649	18.0
225.35	172.48	0.5258	18.05
78.0	192.34	0.7977	18.1
0.0	200.68	1.0	18.150000000000002
56.5	181.22	0.8382	18.200000000000003
-74.8	213.58	1.2547	18.25
143.0	176.62	0.6542	18.3
236.3	446.02	0.7487	18.35
-89.05	411.6	1.1456	18.400000000000002
-79.6	361.62	1.1484	18.450000000000003
62.0	217.08	0.85	18.5
-150.75	274.06	1.4552	18.55
181.55	137.1	0.522	18.6
-141.0	189.52	1.7108	18.650000000000002
-15.7	220.72	1.0443	18.700000000000003
138.55	186.42	0.6749	18.75
-180.7	221.66	1.8257	18.8
-222.3	163.82	3.5324	18.85
2.4	288.16	0.995	18.900000000000002
-40.35	284.94	1.0914	18.950000000000003
13.75	268.92	0.9701	19.0
-120.3	225.36	1.4369	19.05
-63.4	177.32	1.2612	19.1
-195.4	119.84	6.2954	19.150000000000002
-185.9	358.26	1.4204	19.200000000000003
-67.25	248.84	1.1875	19.250000000000004
129.5	242.8	0.7474	19.3
-64.05	197.76	1.2319	19.35
264.45	274.92	0.6103	19.400000000000002
598.05	248.18	0.3442	19.450000000000003
32.6	311.38	0.9403	19.500000000000004
265.95	433.46	0.7183	19.55
-65.65	167.9	1.2916	19.6
-181.25	200.78	1.9872	19.650000000000002
31.8	362.64	0.9496	19.700000000000003
-55.1	404.96	1.0876	19.750000000000004
282.95	274.16	0.5915	19.8
-154.5	268.24	1.4854	19.85
77.2	276.94	0.8532	19.900000000000002
17.6	362.3	0.9715	19.950000000000003
56.75	336.3	0.9066	20.000000000000004
67.8	277.08	0.8692	20.05
-218.2	294.16	1.7074	20.1
111.8	285.4	0.8035	20.150000000000002
220.95	503.22	0.784	20.200000000000003
-1.25	351.54	1.0021	20.250000000000004
175.6	444.44	0.802	20.3
-9.75	312.68	1.019	20.35
-210.15	529.22	1.2973	20.400000000000002
63.55	371.4	0.9054	20.450000000000003
105.75	420.18	0.8659	20.500000000000004
-36.4	315.4	1.0735	20.55
-19.4	259.62	1.0466	20.6
-241.65	347.6	1.6394	20.650000000000002
519.35	100.94	0.1359	20.700000000000003
572.85	-30.88	-0.345	20.750000000000004
885.1	76.68	-0.0228	20.8
498.55	34.84	-0.0528	20.85
401.25	110.06	0.2251	20.900000000000002
860.15	165.56	0.1335	20.950000000000003
480.55	51.76	0.0127	21.000000000000004
567.95	98.02	0.1079	21.05
741.6	44.22	-0.0721	21.1
499.9	-7.0	-0.2346	21.150000000000002
881.5	56.44	-0.0638	21.200000000000003
299.8	109.66	0.307	21.250000000000004
709.25	59.66	-0.0272	21.3
400.35	77.38	0.1345	21.35
1067.5	140.48	0.05	21.400000000000002
929.5	0.14	-0.1996	21.450000000000003
666.5	195.26	0.2433	21.500000000000004
492.4	25.58	-0.0871	21.55
271.0	82.88	0.2554	21.6
636.7	173.6	0.2235	21.650000000000002
632.4	129.16	0.148	21.700000000000003
605.6	171.18	0.2334	21.750000000000004
661.2	17.2	-0.1407	21.8
840.55	48.94	-0.0748	21.85
314.25	27.48	-0.0214	21.900000000000002
924.5	124.56	0.0547	21.950000000000003
718.15	-23.5	-0.284	22.000000000000004
270.4	-45.72	-0.8131	22.05
444.9	-28.66	-0.3775	22.1
413.85	158.08	0.3197	22.150000000000002
571.95	98.7	0.1079	22.200000000000003
419.45	2.7	-0.1847	22.250000000000004
567.4	143.62	0.2033	22.3
343.85	116.24	0.2841	22.35
311.55	95.62	0.2564	22.400000000000002
247.9	47.94	0.1347	22.450000000000003
292.6	94.06	0.2696	22.500000000000004
525.45	43.58	-0.0293	22.55
689.1	30.16	-0.1034	22.6
138.3	13.2	-0.0077	22.650000000000002
345.9	-8.26	-0.2602	22.700000000000003
619.8	-2.86	-0.2112	22.750000000000004
456.0	-41.02	-0.4633	22.8
475.65	57.48	0.0336	22.85
1025.95	38.02	-0.1172	22.900000000000002
236.6	-58.8	-1.3859	22.950000000000003
539.95	123.52	0.1767	23.000000000000004
413.3	76.98	0.1257	23.05
527.8	37.48	-0.0508	23.1
143.3	-0.12	-0.202	23.150000000000002
579.55	-71.96	-0.5964	23.200000000000003
656.45	57.56	-0.021	23.250000000000004
533.4	-27.24	-0.3365	23.3
373.65	-23.0	-0.3685	23.35
472.05	86.02	0.1205	23.400000000000002
619.85	69.86	0.0207	23.450000000000003
543.95	24.48	-0.1009	23.500000000000004
494.15	91.88	0.1253	23.55
642.75	173.52	0.2207	23.6
606.05	106.58	0.1122	23.650000000000002
433.85	127.86	0.245	23.700000000000003
798.8	141.32	0.1136	23.750000000000004
252.8	58.64	0.1803	23.8
536.05	63.0	0.0284	23.85
309.65	66.64	0.1611	23.900000000000002
374.25	106.62	0.2356	23.950000000000003
578.4	82.08	0.0653	24.000000000000004
289.7	29.72	0.0043	24.05
624.7	65.62	0.0083	24.1
785.7	94.58	0.0328	24.150000000000002
543.55	72.06	0.0515	24.200000000000003
700.2	-13.86	-0.2495	24.250000000000004
459.05	74.82	0.095	24.3
612.35	-16.08	-0.2665	24.35
586.25	21.04	-0.1196	24.400000000000002
649.7	-14.66	-0.2567	24.450000000000003
455.05	52.88	0.0263	24.500000000000004
499.65	125.48	0.2012	24.55
450.75	8.24	-0.1577	24.6
336.9	88.8	0.2142	24.650000000000002
164.6	94.46	0.4413	24.700000000000003
455.55	-38.62	-0.445	24.750000000000004
364.85	78.7	0.1617	24.8
645.95	42.0	-0.0619	24.85
433.2	51.32	0.0299	24.900000000000002
34.15	38.16	0.629	24.950000000000003
794.5	-23.1	-0.2741	25.000000000000004
496.2	36.02	-0.0479	25.05
681.2	87.04	0.0442	25.1
488.95	107.92	0.1675	25.150000000000002
265.15	-33.92	-0.6126	25.200000000000003
461.35	123.28	0.218	25.250000000000004
499.3	-25.78	-0.3382	25.3
434.75	109.64	0.2023	25.35
449.55	47.5	0.0093	25.400000000000002
743.9	117.72	0.0885	25.450000000000003
480.0	39.48	-0.0305	25.500000000000004
527.4	94.94	0.1177	25.55
521.35	43.7	-0.0277	25.6
299.25	110.7	0.3103	25.650000000000002
613.25	-37.22	-0.3658	25.700000000000003
518.35	45.04	-0.0223	25.750000000000004
112.5	40.04	0.299	25.8
695.95	-38.44	-0.349	25.85
1047.2	180.8	0.108	25.900000000000002
938.55	120.86	0.0458	25.950000000000003
734.7	137.02	0.126	26.000000000000004
557.35	65.78	0.0292	26.05
382.35	14.88	-0.1133	26.1
506.55	33.36	-0.0603	26.150000000000002
764.65	148.34	0.1354	26.200000000000003
378.3	168.64	0.3656	26.250000000000004
487.95	163.82	0.2821	26.3
343.4	107.52	0.2621	26.35
457.7	-19.06	-0.309	26.400000000000002
198.95	101.0	0.4046	26.450000000000003
441.75	28.34	-0.0635	26.500000000000004
521.9	54.76	0.0081	26.55
590.45	42.42	-0.0492	26.6
322.6	61.54	0.1314	26.650000000000002
267.75	190.94	0.5054	26.700000000000003
162.5	12.9	-0.0356	26.750000000000004
443.85	80.86	0.1205	26.8
523.8	24.48	-0.0974	26.85
371.15	-31.54	-0.4457	26.900000000000002
320.75	-32.12	-0.5005	26.950000000000003
342.0	175.46	0.4077	27.000000000000004
555.95	138.52	0.1991	27.05
526.85	106.78	0.1461	27.1
549.6	11.24	-0.1528	27.150000000000002
543.2	21.36	-0.1125	27.200000000000003
511.0	104.3	0.1479	27.250000000000004
801.55	-6.82	-0.2208	27.3
566.85	-112.46	-0.9894	27.35
459.95	65.52	0.0661	27.400000000000002
374.5	142.98	0.3196	27.450000000000003
665.45	111.9	0.102	27.500000000000004
338.95	11.46	-0.124	27.55
492.15	63.2	0.0452	27.6
533.15	11.5	-0.1504	27.650000000000002
556.8	44.96	-0.0332	27.700000000000003
602.9	69.3	0.0243	27.750000000000004
454.1	107.64	0.1859	27.8
868.5	83.38	-0.0067	27.85
472.4	-47.94	-0.5056	27.900000000000002
223.05	-92.88	-6.1778	27.950000000000003
430.65	46.04	0.0114	28.000000000000004
656.25	35.36	-0.0833	28.05
719.1	-59.08	-0.436	28.1
831.25	55.1	-0.0595	28.150000000000002
728.1	4.76	-0.1845	28.200000000000003
514.35	77.58	0.0781	28.250000000000004
630.25	88.44	0.063	28.3
560.3	53.34	-0.0081	28.35
640.5	18.18	-0.1355	28.400000000000002
478.15	139.92	0.243	28.450000000000003
660.25	2.82	-0.1898	28.500000000000004
298.2	43.18	0.0695	28.55
447.8	-105.58	-1.2708	28.6
379.1	-115.22	-2.0601	28.650000000000002
569.55	31.76	-0.0796	28.700000000000003
459.4	44.3	-0.006	28.750000000000004
532.5	42.34	-0.0354	28.8
419.75	45.12	0.0123	28.85
589.25	82.46	0.0624	28.900000000000002
523.9	101.4	0.1349	28.950000000000003
353.85	216.18	0.4599	29.000000000000004
415.5	86.16	0.1518	29.05
453.15	-12.76	-0.2716	29.1
70.0	32.84	0.3809	29.150000000000002
515.05	40.5	-0.0369	29.200000000000003
151.55	166.88	0.6253	29.250000000000004
412.25	7.24	-0.1593	29.3
454.4	0.02	-0.1999	29.35
345.6	194.4	0.4353	29.400000000000002
356.55	86.82	0.193	29.450000000000003
245.8	90.76	0.3097	29.500000000000004
275.5	145.34	0.4161	29.55
359.3	6.04	-0.161	29.6
299.05	79.72	0.2173	29.650000000000002
730.25	53.5	-0.0466	29.700000000000003
605.65	72.4	0.0315	29.750000000000004
441.35	20.82	-0.0965	29.8
515.35	20.92	-0.1099	29.85
605.95	93.78	0.0836	29.900000000000002
513.4	-55.8	-0.5333	29.950000000000003
626.3	65.02	0.0063	30.000000000000004
557.6	-12.2	-0.2549	30.05
537.2	172.94	0.27	30.1
516.95	110.94	0.1604	30.150000000000002
380.8	76.14	0.1428	30.200000000000003
484.45	-36.78	-0.4148	30.250000000000004
336.5	15.16	-0.1008	30.3
542.2	160.1	0.2455	30.35
78.95	30.3	0.3211	30.400000000000002
290.8	130.72	0.3681	30.450000000000003
351.0	96.94	0.227	30.500000000000004
699.05	9.38	-0.1686	30.55
355.15	13.78	-0.1136	30.6
173.85	70.28	0.3365	30.650000000000002
265.65	49.84	0.1274	30.700000000000003
480.4	16.88	-0.1212	30.750000000000004
455.8	21.14	-0.0981	30.8
289.9	23.66	-0.0316	30.85
696.3	7.82	-0.1736	30.900000000000002
250.45	-8.66	-0.2892	30.950000000000003
429.9	55.6	0.0466	31.000000000000004
365.55	2.44	-0.1842	31.05
544.15	21.9	-0.1106	31.1
196.25	13.44	-0.0554	31.150000000000002
221.3	90.02	0.3383	31.200000000000003
380.6	-6.64	-0.2434	31.250000000000004
310.0	28.64	-0.0129	31.3
594.75	-4.24	-0.2174	31.35
661.85	97.54	0.0732	31.400000000000002
650.3	159.94	0.1957	31.450000000000003
515.35	60.5	0.0282	31.500000000000004
647.2	59.26	-0.0143	31.55
365.3	25.82	-0.0514	31.6
506.7	137.74	0.2226	31.650000000000002
481.7	105.96	0.1666	31.700000000000003
344.05	143.18	0.3451	31.750000000000004
382.85	7.68	-0.1537	31.8
391.55	5.24	-0.1687	31.85
377.5	89.66	0.1865	31.900000000000002
331.75	61.12	0.1231	31.950000000000003
481.45	107.86	0.1713	32.0
773.3	84.88	0.016	32.05
364.85	94.6	0.2098	32.1
478.75	106.54	0.1696	32.15
305.0	147.98	0.391	32.199999999999996
474.6	-110.56	-1.2468	32.25
611.7	76.06	0.039	32.3
360.9	15.92	-0.1027	32.35
363.05	56.56	0.0851	32.4
782.15	-63.44	-0.4324	32.449999999999996
504.95	199.68	0.3299	32.5
621.9	84.94	0.0575	32.55
380.35	21.84	-0.0764	32.6
298.15	-28.64	-0.4854	32.65
285.0	90.5	0.2661	32.699999999999996
466.05	4.6	-0.1768	32.75
192.25	58.3	0.253	32.8
254.75	-6.88	-0.2685	32.85
424.0	10.94	-0.1411	32.9
467.0	40.38	-0.0231	32.949999999999996
480.0	93.5	0.1364	33.0
383.9	-34.96	-0.4672	33.05
465.25	82.76	0.1149	33.1
448.2	152.52	0.286	33.15
653.35	110.04	0.1024	33.199999999999996
369.15	90.14	0.1937	33.25
349.35	35.06	0.0006	33.3
264.65	170.4	0.4755	33.35
330.25	84.7	0.2068	33.4
502.25	75.74	0.0781	33.449999999999996
-66.65	240.82	1.1927	33.5
612.45	51.5	-0.0272	33.55
550.0	18.26	-0.1253	33.6
96.1	61.52	0.4738	33.65
428.35	12.7	-0.1328	33.699999999999996
444.8	5.86	-0.1692	33.75
465.5	26.56	-0.0771	33.8
478.3	-47.28	-0.4957	33.85
427.5	-92.7	-1.119	33.9
35.55	-17.78	4267.0	33.949999999999996
467.65	93.0	0.1415	34.0
169.8	87.86	0.4103	34.05
243.95	136.24	0.4331	34.1
274.85	36.78	0.0534	34.15
172.85	61.82	0.3004	34.199999999999996
257.15	71.34	0.2282	34.25
154.3	50.58	0.2752	34.3
293.55	33.58	0.0234	34.35
637.85	-70.26	-0.5391	34.4
373.7	-11.36	-0.2777	34.449999999999996
228.45	-22.72	-0.498	34.5
206.35	-5.06	-0.2619	34.55
464.6	81.38	0.1113	34.6
483.35	110.5	0.1765	34.65
343.85	28.46	-0.0296	34.699999999999996
487.45	69.54	0.0664	34.75
320.5	99.4	0.2594	34.8
252.5	99.82	0.3299	34.85
553.1	73.66	0.0524	34.9
365.85	-62.52	-0.8231	34.949999999999996
201.0	3.88	-0.1554	35.0
326.05	-26.64	-0.4344	35.05
319.45	-59.28	-0.9082	35.1
141.05	-19.88	-0.671	35.15
493.25	-72.48	-0.6994	35.199999999999996
518.35	51.6	-0.0008	35.25
306.9	8.8	-0.1349	35.3
475.45	13.06	-0.1375	35.35
553.0	60.46	0.0153	35.4
385.3	175.54	0.3721	35.449999999999996
384.5	-17.76	-0.3221	35.5
272.45	-14.96	-0.348	35.55
356.85	-36.88	-0.5127	35.6
518.85	78.6	0.079	35.65
463.05	126.66	0.2243	35.699999999999996
680.55	196.02	0.2386	35.75
69.65	115.6	0.7222	35.8
149.35	77.18	0.4099	35.85
428.5	51.94	0.0341	35.9
385.35	82.08	0.1585	35.949999999999996
316.7	-2.0	-0.2154	36.0
365.05	31.44	-0.0237	36.05
516.75	93.84	0.1197	36.1
488.45	-0.54	-0.2027	36.15
129.55	163.12	0.6589	36.199999999999996
411.85	13.6	-0.1257	36.25
606.65	24.46	-0.1105	36.3
608.5	88.18	0.0696	36.35
367.05	0.3	-0.198	36.4
289.1	52.08	0.1178	36.449999999999996
599.85	-27.06	-0.319	36.5
367.1	78.04	0.158	36.55
116.85	74.28	0.4717	36.6
480.8	100.04	0.1526	36.65
715.7	60.7	-0.026	36.699999999999996
560.75	86.96	0.0841	36.75
296.05	58.8	0.1412	36.8
519.5	99.78	0.133	36.85
291.4	5.68	-0.155	36.9
547.35	-37.12	-0.3883	36.949999999999996
634.4	140.84	0.169	37.0
527.3	-53.98	-0.5089	37.05
584.85	109.06	0.126	37.1
463.9	42.06	-0.0158	37.15
603.0	-29.98	-0.3325	37.199999999999996
357.05	12.34	-0.1224	37.25
540.9	192.32	0.2987	37.3
495.6	163.2	0.2765	37.35
515.2	47.54	-0.013	37.4
575.3	125.3	0.1641	37.449999999999996
399.6	86.38	0.1622	37.5
487.7	-2.36	-0.2117	37.55
192.6	-9.34	-0.3289	37.6
589.5	18.38	-0.1296	37.65
527.75	16.72	-0.1285	37.699999999999996
387.15	-23.08	-0.3624	37.75
394.35	210.66	0.4198	37.8
299.75	167.26	0.4329	37.85
222.95	51.82	0.1808	37.9
182.6	12.78	-0.0527	37.949999999999996
-40.85	68.34	1.5115	38.0
354.0	-2.4	-0.2165	38.05
561.8	46.82	-0.0286	38.1
356.05	-0.24	-0.2016	38.15
484.55	27.48	-0.0778	38.199999999999996
-97.25	80.18	2.8492	38.25
147.9	124.44	0.5527	38.3
422.65	-4.86	-0.2282	38.35
23.25	41.42	0.737	38.4
278.8	68.96	0.1972	38.45
50.05	3.38	-0.0572	38.5
215.85	71.5	0.2782	38.55
444.6	100.04	0.1724	38.6
152.8	116.82	0.5255	38.65
744.0	34.42	-0.0984	38.7
205.85	76.56	0.3119	38.75
430.85	126.82	0.2447	38.8
312.35	163.28	0.4133	38.85
433.95	88.5	0.1477	38.9
243.25	24.3	-0.0002	38.95
-24.55	30.56	1.8056	39.0
813.7	-4.04	-0.212	39.05
559.0	79.36	0.0654	39.1
588.0	-18.72	-0.2816	39.15
528.6	-90.86	-0.8286	39.2
404.25	54.4	0.0545	39.25
114.9	64.8	0.4361	39.3
248.75	168.28	0.49	39.35
391.35	-26.92	-0.3914	39.4
233.2	53.02	0.1751	39.45
248.9	-15.54	-0.3712	39.5
500.55	59.16	0.0294	39.55
159.55	3.74	-0.1463	39.6
628.7	-17.74	-0.2718	39.65
365.2	131.14	0.3016	39.7
776.8	-35.92	-0.3223	39.75
233.8	-5.92	-0.264	39.8
584.5	62.52	0.0115	39.85
321.45	8.86	-0.1373	39.9
634.1	8.3	-0.1694	39.95
1514.0	114.6	-0.0422	40.0
