DemDexc	AemDexc	E	T
1079.7613	274.2129	0.2042	0.05
756.4323	372.0968	0.3951	0.1
185.9484	429.7935	0.7866	0.15000000000000002
506.4387	386.929	0.5253	0.2
403.7871	222.729	0.4294	0.25
641.4968	528.0516	0.5465	0.3
15.6387	337.6129	0.9728	0.35000000000000003
290.4516	239.3613	0.5469	0.4
283.1935	501.1806	0.7357	0.45
360.4323	246.4387	0.4931	0.5
323.7806	278.8774	0.5592	0.55
282.9097	332.9161	0.6422	0.6000000000000001
198.3742	307.0452	0.707	0.6500000000000001
339.8903	349.3032	0.6073	0.7000000000000001
214.5548	310.2581	0.6917	0.7500000000000001
330.8065	434.1226	0.6689	0.8
229.4903	349.9935	0.7037	0.8500000000000001
197.3032	281.3226	0.6884	0.9000000000000001
292.8258	304.4839	0.6103	0.9500000000000001
168.5613	343.8645	0.7638	1.0
311.1677	372.0839	0.6462	1.05
336.9161	236.6452	0.501	1.1
290.4	476.3032	0.7196	1.1500000000000001
333.8645	340.6	0.6053	1.2000000000000002
341.6516	405.2323	0.6441	1.2500000000000002
190.3484	593.9677	0.8343	1.3
267.8194	533.0194	0.7591	1.35
229.8516	499.7548	0.7756	1.4000000000000001
391.4387	354.3226	0.573	1.4500000000000002
457.3742	437.9226	0.5883	1.5000000000000002
302.9677	464.5613	0.7049	1.55
112.529	312.1806	0.8168	1.6
246.0903	382.0903	0.7077	1.6500000000000001
264.1677	500.4645	0.7494	1.7000000000000002
545.9097	519.1161	0.5865	1.7500000000000002
431.2452	294.1806	0.4925	1.8
521.529	226.2065	0.3574	1.85
365.9355	229.6129	0.4678	1.9000000000000001
229.4387	578.3032	0.8014	1.9500000000000002
129.0194	369.9548	0.8218	2.0
271.0387	542.2258	0.7601	2.05
348.9032	515.7677	0.6967	2.1
190.671	315.4387	0.7215	2.15
64.9032	446.2194	0.9186	2.1999999999999997
307.0129	547.2774	0.7371	2.25
433.6	491.6645	0.6328	2.3
284.5548	462.5677	0.7177	2.35
291.5806	476.9742	0.7191	2.4
312.9097	342.0452	0.6234	2.45
239.3548	429.0839	0.7383	2.5
198.3097	480.3871	0.7947	2.55
373.2903	524.5419	0.6851	2.6
524.3871	647.8194	0.6543	2.65
476.8516	449.4387	0.5841	2.7
117.2839	467.4194	0.8662	2.75
260.4516	396.7419	0.7035	2.8
403.7935	487.4645	0.6485	2.85
198.0452	390.0194	0.757	2.9
282.529	300.0387	0.6159	2.95
344.8581	455.6194	0.6705	3.0
90.6968	446.1097	0.8893	3.05
105.3226	677.8065	0.9135	3.1
375.0323	354.0516	0.5845	3.15
240.4387	405.3355	0.7255	3.2
416.6129	470.1097	0.6315	3.25
424.6968	528.8129	0.6562	3.3
272.0581	312.8903	0.6364	3.35
205.329	629.3742	0.8317	3.4
75.8645	322.2581	0.8736	3.45
-36.3548	540.4839	1.0418	3.5
146.7161	500.4323	0.8466	3.55
209.4	717.8645	0.8473	3.6
184.6129	588.8903	0.8374	3.65
106.5677	438.5935	0.87	3.7
95.3032	473.4452	0.8903	3.75
58.9935	515.4516	0.935	3.8
441.6	476.1032	0.6198	3.85
277.5484	492.4452	0.7362	3.9
175.729	735.1419	0.8719	3.95
64.5677	554.4645	0.934	4.0
155.6581	360.129	0.7867	4.05
253.8258	439.4774	0.7311	4.1
-38.8129	502.5548	1.0482	4.15
432.271	426.7742	0.5966	4.2
554.7742	545.4452	0.5955	4.25
471.0839	576.1935	0.6518	4.3
48.2839	517.2387	0.9465	4.35
453.7355	530.7742	0.6407	4.4
141.6903	557.6516	0.8647	4.45
135.0581	543.8065	0.8674	4.5
15.7935	416.2	0.9777	4.55
-30.4516	562.1742	1.0334	4.6
85.8129	604.0	0.9204	4.65
171.7677	690.0774	0.8672	4.7
236.071	335.0323	0.6874	4.75
345.929	618.271	0.7377	4.8
124.2452	437.1097	0.8507	4.8500000000000005
-8.8839	593.3742	1.0091	4.9
312.4516	485.0065	0.7076	4.95
207.271	548.1484	0.8092	5.0
16.7871	673.9871	0.9852	5.05
-133.6516	550.3677	1.1658	5.1000000000000005
88.1677	435.2258	0.8896	5.15
127.0129	571.7871	0.88	5.2
85.5484	336.9742	0.8648	5.25
200.0129	524.2387	0.8078	5.3
405.6129	375.9484	0.5795	5.3500000000000005
170.5097	311.271	0.742	5.4
319.7871	629.1742	0.7568	5.45
340.2387	535.2581	0.7106	5.5
-3.2129	567.9613	1.0034	5.55
272.8645	371.1613	0.6775	5.6000000000000005
213.2	445.7097	0.7684	5.65
205.2387	612.3742	0.8278	5.7
343.6581	579.6968	0.7256	5.75
322.0452	622.9613	0.7535	5.8
462.5613	344.6065	0.5181	5.8500000000000005
183.4516	676.1419	0.8567	5.9
141.1097	476.3935	0.8452	5.95
371.4194	422.3484	0.6335	6.0
226.129	645.2968	0.8211	6.05
576.871	463.2065	0.5395	6.1000000000000005
277.3935	651.8129	0.7895	6.15
497.671	400.529	0.5402	6.2
436.8645	723.6516	0.7218	6.25
397.0129	342.9935	0.5601	6.3
473.6194	582.0	0.6529	6.3500000000000005
80.2774	545.2581	0.9177	6.4
108.4194	354.1871	0.8407	6.45
79.9226	517.5097	0.914	6.5
210.671	610.4452	0.8234	6.55
184.6581	430.1871	0.788	6.6000000000000005
52.4645	390.6968	0.9245	6.65
214.5226	388.2774	0.7403	6.7
-115.4581	363.8645	1.2263	6.75
263.8065	587.6387	0.78	6.8
123.2645	517.1097	0.8722	6.8500000000000005
126.9419	525.8581	0.8708	6.9
-4.0323	515.3226	1.0047	6.95
289.3935	470.2452	0.7176	7.0
100.3032	643.7226	0.9133	7.05
346.1871	406.9613	0.6419	7.1000000000000005
207.5226	507.6774	0.7964	7.15
141.2065	466.2258	0.8422	7.2
373.3419	467.9613	0.6578	7.25
380.5161	657.8129	0.7308	7.3
75.7806	543.3871	0.9218	7.3500000000000005
24.1613	423.2387	0.9667	7.4
44.7419	532.7419	0.9516	7.45
241.7935	557.7419	0.7862	7.5
83.6	299.4903	0.853	7.55
372.5032	560.0323	0.7005	7.6000000000000005
228.6129	532.6839	0.788	7.65
390.071	412.3677	0.6147	7.7
447.471	551.3613	0.6536	7.75
19.4194	554.2903	0.9793	7.8
385.2968	694.7032	0.7395	7.8500000000000005
454.2581	539.7548	0.6446	7.9
323.3097	610.4258	0.7487	7.95
326.4323	570.071	0.7329	8.0
510.1677	556.8387	0.623	8.05
449.2839	449.671	0.6002	8.100000000000001
289.7548	509.1419	0.7342	8.15
20.2903	557.5419	0.9786	8.200000000000001
198.9871	576.9355	0.8235	8.250000000000002
273.0839	507.1484	0.7455	8.3
195.1935	442.9226	0.7833	8.350000000000001
335.4645	348.1032	0.6098	8.4
274.7226	568.6581	0.7665	8.450000000000001
152.0839	445.6065	0.8251	8.500000000000002
272.729	567.4839	0.7675	8.55
384.1355	487.3871	0.6608	8.600000000000001
190.0968	274.2065	0.6911	8.65
8.2194	466.5613	0.9895	8.700000000000001
-143.0581	576.9742	1.1698	8.750000000000002
574.6903	494.9935	0.5593	8.8
460.0581	212.1677	0.3758	8.850000000000001
483.5871	508.3226	0.6132	8.9
36.6065	696.6645	0.9693	8.950000000000001
177.9806	479.7871	0.8122	9.000000000000002
148.5806	549.0194	0.857	9.05
63.6258	359.5871	0.9025	9.100000000000001
431.8839	552.2323	0.6627	9.15
175.0839	384.6645	0.7775	9.200000000000001
104.8065	456.671	0.8765	9.250000000000002
286.2774	643.6903	0.7817	9.3
103.4581	493.8839	0.8862	9.350000000000001
203.0645	372.1226	0.7428	9.4
337.0968	537.8129	0.7137	9.450000000000001
208.9097	547.9935	0.8079	9.500000000000002
283.471	554.8452	0.7558	9.55
230.5871	548.3677	0.7915	9.600000000000001
290.329	500.5097	0.7302	9.650000000000002
189.7548	280.5161	0.6967	9.700000000000001
255.8516	337.2	0.67	9.750000000000002
226.8645	370.0903	0.7185	9.8
119.8581	725.3484	0.9084	9.850000000000001
121.0194	644.6323	0.897	9.900000000000002
160.5613	683.6452	0.8739	9.950000000000001
52.6774	529.5355	0.9431	10.000000000000002
173.6839	527.7032	0.8304	10.05
243.5871	342.7032	0.6854	10.100000000000001
307.3742	653.1742	0.7714	10.150000000000002
211.4065	374.9806	0.7361	10.200000000000001
132.7806	458.5097	0.8482	10.250000000000002
191.2581	485.4581	0.8025	10.3
164.4645	498.3806	0.83	10.350000000000001
459.2258	346.129	0.5214	10.400000000000002
79.0903	503.271	0.9126	10.450000000000001
165.071	697.871	0.8731	10.500000000000002
251.0	424.3419	0.7261	10.55
270.0	516.0194	0.7512	10.600000000000001
162.2387	470.6387	0.8236	10.650000000000002
472.8258	684.2323	0.6919	10.700000000000001
399.4968	388.3032	0.5924	10.750000000000002
386.4194	547.8839	0.6871	10.8
284.5806	791.1677	0.8171	10.850000000000001
59.6452	640.8452	0.9466	10.900000000000002
470.5355	617.4194	0.6689	10.950000000000001
62.4387	570.6774	0.9378	11.000000000000002
251.3484	498.1484	0.7583	11.05
531.1226	502.3484	0.585	11.100000000000001
325.9032	371.7742	0.6343	11.150000000000002
172.4387	549.4968	0.8372	11.200000000000001
221.1548	567.729	0.8044	11.250000000000002
222.1097	774.6968	0.8495	11.3
633.9161	443.0387	0.4995	11.350000000000001
136.2645	433.0194	0.8369	11.400000000000002
364.929	462.9548	0.6608	11.450000000000001
148.7355	387.6323	0.8068	11.500000000000002
154.5032	448.871	0.8238	11.55
376.8839	398.0065	0.6144	11.600000000000001
321.1935	415.1677	0.6653	11.650000000000002
389.9355	500.7548	0.6637	11.700000000000001
226.0129	325.2323	0.6906	11.750000000000002
445.6258	562.9742	0.6597	11.8
367.5806	401.3226	0.6231	11.850000000000001
179.3484	327.0258	0.7418	11.900000000000002
200.2452	432.6387	0.7745	11.950000000000001
96.9806	609.5935	0.9116	12.000000000000002
119.071	526.4387	0.8781	12.05
92.271	371.0839	0.8673	12.100000000000001
12.9161	549.471	0.9861	12.150000000000002
369.6452	576.1806	0.7086	12.200000000000001
143.329	531.2	0.8574	12.250000000000002
412.3742	498.0194	0.6486	12.3
261.5226	364.4323	0.6831	12.350000000000001
94.529	582.1871	0.9099	12.400000000000002
39.9097	301.9226	0.9256	12.450000000000001
25.1677	517.0903	0.9715	12.500000000000002
376.2839	391.2	0.6103	12.55
-36.7355	683.271	1.0331	12.600000000000001
23.2516	492.729	0.9723	12.650000000000002
167.4839	353.3677	0.7701	12.700000000000001
45.529	470.4258	0.9446	12.750000000000002
105.6516	446.1806	0.873	12.8
10.9032	494.2968	0.9869	12.850000000000001
157.1355	562.2645	0.8529	12.900000000000002
325.6323	347.6645	0.6173	12.950000000000001
181.7097	490.1935	0.8124	13.000000000000002
53.8516	321.0903	0.9072	13.05
343.3871	605.1742	0.7348	13.100000000000001
365.1484	387.329	0.6156	13.150000000000002
528.2645	265.2129	0.4012	13.200000000000001
268.3871	384.7226	0.6897	13.250000000000002
68.3806	425.0323	0.9107	13.3
204.4	394.0323	0.7529	13.350000000000001
252.5032	611.0903	0.7945	13.400000000000002
285.2581	349.4129	0.6522	13.450000000000001
265.3032	486.2645	0.7428	13.500000000000002
108.4387	513.3355	0.8854	13.55
130.4774	498.5161	0.8611	13.600000000000001
72.0194	417.3419	0.9047	13.650000000000002
94.3419	578.1419	0.9095	13.700000000000001
97.1677	566.7742	0.9053	13.750000000000002
345.0968	577.9677	0.7241	13.8
94.471	473.8839	0.8912	13.850000000000001
163.6903	529.2323	0.8393	13.900000000000002
410.0903	610.9677	0.6985	13.950000000000001
217.9742	432.0968	0.7583	14.000000000000002
401.3742	350.2839	0.5629	14.05
400.6581	455.8387	0.6336	14.100000000000001
394.2645	279.1677	0.5033	14.150000000000002
88.4387	291.1806	0.8418	14.200000000000001
251.2258	499.8516	0.759	14.250000000000002
232.1935	453.2968	0.7553	14.3
220.6258	274.9226	0.6564	14.350000000000001
476.0774	405.3097	0.556	14.400000000000002
224.6645	530.1677	0.7902	14.450000000000001
135.4194	368.5484	0.8138	14.500000000000002
177.4774	422.5742	0.7917	14.55
59.471	370.9355	0.9109	14.600000000000001
290.5226	416.7484	0.6898	14.650000000000002
219.3355	576.2774	0.8081	14.700000000000001
349.0258	524.6065	0.7005	14.750000000000002
370.3871	420.1742	0.6329	14.8
344.9935	545.4645	0.7117	14.850000000000001
143.0645	399.5871	0.8178	14.900000000000002
450.6968	397.9097	0.5661	14.950000000000001
260.2968	489.8903	0.7481	15.000000000000002
382.6968	581.4065	0.7029	15.05
317.4323	498.3355	0.7101	15.100000000000001
191.8194	446.6194	0.7879	15.150000000000002
126.9871	479.5355	0.8597	15.200000000000001
401.5161	650.7484	0.7171	15.250000000000002
48.5161	203.9226	0.8724	15.3
105.1419	478.1548	0.8811	15.350000000000001
198.3548	407.3548	0.765	15.400000000000002
203.9419	439.6645	0.7741	15.450000000000001
236.4323	348.2	0.6959	15.500000000000002
265.7548	257.729	0.5918	15.55
-183.4774	376.0065	1.3873	15.600000000000001
333.5742	554.2387	0.7224	15.650000000000002
101.4645	432.6065	0.874	15.700000000000001
126.6	302.2839	0.7922	15.750000000000002
96.8452	365.471	0.8596	15.8
240.4968	506.8323	0.7699	15.850000000000001
227.5871	421.4323	0.7449	15.900000000000002
326.2516	565.871	0.7315	15.950000000000001
290.0452	426.2323	0.6954	16.0
-7.8903	513.8129	1.0093	16.05
218.9161	411.8903	0.7481	16.1
320.3097	540.1742	0.7256	16.150000000000002
297.0774	374.3806	0.6591	16.200000000000003
232.3871	394.6	0.727	16.25
49.6194	567.5484	0.9497	16.3
191.4839	374.471	0.7557	16.35
403.6645	378.1355	0.5824	16.400000000000002
294.1935	404.7355	0.6801	16.450000000000003
332.1419	221.129	0.4853	16.5
92.7677	467.4452	0.8917	16.55
297.471	458.2129	0.7059	16.6
313.4452	429.8	0.6794	16.650000000000002
323.7871	293.471	0.5734	16.700000000000003
261.8065	289.3032	0.6262	16.75
397.8065	334.7484	0.5527	16.8
353.5871	438.6839	0.6553	16.85
185.5742	532.3613	0.8219	16.900000000000002
153.6516	327.271	0.7719	16.950000000000003
262.8968	394.3806	0.7	17.0
424.6387	471.1226	0.6272	17.05
-113.6774	579.2129	1.1306	17.1
214.3484	435.0258	0.7628	17.150000000000002
123.5677	549.9419	0.8788	17.200000000000003
233.6452	537.6323	0.7858	17.25
254.3226	487.0645	0.7516	17.3
731.8065	411.7032	0.4353	17.35
250.3677	549.5484	0.7774	17.400000000000002
122.929	446.0645	0.8547	17.450000000000003
331.2	495.1032	0.6992	17.5
144.1806	420.9806	0.8246	17.55
476.2452	509.8387	0.618	17.6
521.0	410.2903	0.534	17.650000000000002
371.6839	502.1161	0.6758	17.700000000000003
386.7613	379.0903	0.5946	17.75
328.9419	367.6194	0.6291	17.8
176.9935	450.5871	0.803	17.85
128.2903	409.3742	0.8374	17.900000000000002
527.3871	410.9613	0.531	17.950000000000003
623.6387	513.2516	0.5465	18.0
349.5871	401.6516	0.6361	18.05
217.8452	419.5355	0.7527	18.1
345.9097	471.1548	0.6778	18.150000000000002
201.1935	520.6968	0.8057	18.200000000000003
541.1613	464.0129	0.558	18.25
215.1161	496.4452	0.7863	18.3
458.3806	399.5161	0.5625	18.35
-5.9226	489.9935	1.0073	18.400000000000002
87.8968	450.2839	0.8933	18.450000000000003
320.1484	436.9032	0.6782	18.5
274.5419	397.0903	0.6917	18.55
179.0645	448.7742	0.8004	18.6
421.0	309.2065	0.514	18.650000000000002
342.5871	518.9419	0.7022	18.700000000000003
320.3097	312.7484	0.5936	18.75
297.8516	535.471	0.7389	18.8
173.6903	361.3677	0.7675	18.85
178.3871	282.7161	0.7122	18.900000000000002
390.1871	385.5161	0.5968	18.950000000000003
82.2065	272.8065	0.8429	19.0
528.8129	420.7935	0.5369	19.05
142.5226	487.4968	0.847	19.1
148.2129	589.5742	0.866	19.150000000000002
282.3742	411.5548	0.6935	19.200000000000003
331.4065	449.7677	0.6769	19.250000000000004
359.0194	485.3355	0.676	19.3
165.9097	462.4452	0.8175	19.35
182.8516	384.1226	0.7693	19.400000000000002
65.0065	463.1355	0.9213	19.450000000000003
229.9613	367.3548	0.7139	19.500000000000004
114.3548	509.4	0.8789	19.55
227.4387	495.8323	0.7761	19.6
181.4129	462.271	0.8032	19.650000000000002
372.7226	464.6387	0.6565	19.700000000000003
144.8129	363.2452	0.8006	19.750000000000004
-78.6839	460.4516	1.1121	19.8
74.2129	345.6581	0.8837	19.85
520.8194	141.1613	0.2218	19.900000000000002
606.7097	-70.5677	-0.5638	19.950000000000003
818.3419	75.1097	-0.0139	20.000000000000004
977.0645	23.7742	-0.1443	20.05
1108.529	106.9419	-0.0059	20.1
699.4516	41.9806	-0.0714	20.150000000000002
864.5097	43.3806	-0.0906	20.200000000000003
670.6194	97.271	0.0698	20.250000000000004
294.9419	-23.3161	-0.4254	20.3
134.7677	-49.5161	-3.5255	20.35
462.9032	-45.5032	-0.4937	20.400000000000002
268.8065	-2.7806	-0.2254	20.450000000000003
266.5355	-3.2194	-0.2297	20.500000000000004
235.329	48.0129	0.1478	20.55
144.7806	114.3419	0.5348	20.6
90.9742	-22.2968	-1.3538	20.650000000000002
339.5806	16.3548	-0.0946	20.700000000000003
296.9548	21.6387	-0.0474	20.750000000000004
90.7806	66.6387	0.5138	20.8
-94.4903	62.1355	4.8075	20.85
157.7161	64.6065	0.3404	20.900000000000002
394.471	-80.3742	-1.0253	20.950000000000003
489.0129	15.5742	-0.1281	21.000000000000004
563.3032	-7.4258	-0.2325	21.05
219.1419	-101.7226	-15.7531	21.1
273.8645	131.2839	0.3874	21.150000000000002
134.0323	15.0323	0.0199	21.200000000000003
360.2065	-23.8	-0.3827	21.250000000000004
44.0452	-56.8774	1.7582	21.3
336.6645	-108.0258	-2.3495	21.35
315.1871	-31.3871	-0.4984	21.400000000000002
386.6194	27.6452	-0.0499	21.450000000000003
321.5419	-37.9161	-0.5704	21.500000000000004
206.0516	-67.5806	-2.488	21.55
42.9677	-39.5355	2.4282	21.6
254.2258	19.3677	-0.0413	21.650000000000002
62.5677	-69.0387	1.9943	21.700000000000003
195.729	183.1161	0.582	21.750000000000004
195.7097	3.1806	-0.1622	21.8
76.9742	35.6452	0.377	21.85
154.129	140.6903	0.5753	21.900000000000002
318.4	21.1613	-0.0592	21.950000000000003
366.5419	33.471	-0.0147	22.000000000000004
278.7806	16.6452	-0.072	22.05
87.2516	-4.6129	-0.3419	22.1
194.3935	-63.5742	-2.469	22.150000000000002
253.8581	-57.9484	-1.2081	22.200000000000003
421.9806	-17.1097	-0.3059	22.250000000000004
101.4452	5.4452	-0.0837	22.3
147.271	39.6774	0.2202	22.35
331.4323	-27.5097	-0.4389	22.400000000000002
94.0903	59.7097	0.4712	22.450000000000003
199.4968	44.4903	0.1701	22.500000000000004
274.3161	7.7871	-0.1355	22.55
187.2	10.1548	-0.0826	22.6
-79.329	71.1548	2.5115	22.650000000000002
321.0	-45.6129	-0.6764	22.700000000000003
255.729	44.9742	0.1123	22.750000000000004
120.9871	100.529	0.5492	22.8
233.4	27.8516	0.0312	22.85
-65.9548	52.3871	3.0388	22.900000000000002
87.8968	15.8581	0.1182	22.950000000000003
180.3484	-9.2516	-0.3372	23.000000000000004
187.8258	-39.4839	-1.0705	23.05
66.6129	-20.2968	-2.0722	23.1
43.2516	68.6129	0.7124	23.150000000000002
117.9677	-125.4	2.0657	23.200000000000003
133.729	0.0194	-0.1997	23.250000000000004
391.5742	-163.7226	-6.3272	23.3
354.7097	27.5161	-0.0388	23.35
123.0194	-59.2839	-32.1617	23.400000000000002
300.8258	-78.7032	-1.517	23.450000000000003
372.1806	-0.6839	-0.2044	23.500000000000004
283.929	-4.2645	-0.2372	23.55
283.8	-16.2129	-0.3548	23.6
239.2581	31.7806	0.0519	23.650000000000002
372.6129	-108.5355	-1.8747	23.700000000000003
136.4581	-84.2516	6.11	23.750000000000004
288.7161	-33.6774	-0.5651	23.8
156.9871	92.7226	0.4499	23.85
239.2194	36.0194	0.0777	23.900000000000002
387.1677	9.8194	-0.1421	23.950000000000003
162.5226	-24.9484	-0.7316	24.000000000000004
75.1355	18.0774	0.1898	24.05
194.7806	-53.8065	-1.6815	24.1
78.5226	9.8581	0.0408	24.150000000000002
-49.1871	98.1871	1.401	24.200000000000003
330.5613	-55.2194	-0.8021	24.250000000000004
244.9871	15.6323	-0.0642	24.3
40.6903	-86.9419	1.3666	24.35
307.871	-6.3032	-0.2512	24.400000000000002
0.2387	-53.3548	1.0027	24.450000000000003
91.5226	-76.1032	2.8098	24.500000000000004
91.4323	-37.9484	-6.0625	24.55
244.1806	-29.9677	-0.5904	24.6
306.9484	-21.4	-0.3944	24.650000000000002
139.9355	-2.9484	-0.2528	24.700000000000003
256.6129	53.4839	0.153	24.750000000000004
422.1226	26.4839	-0.0662	24.8
299.871	40.6194	0.0558	24.85
172.2968	58.9935	0.2877	24.900000000000002
145.5419	-75.8774	29.1109	24.950000000000003
407.071	-44.3097	-0.5339	25.000000000000004
37.5935	-58.4065	1.5695	25.05
215.4645	-31.071	-0.6864	25.1
15.1935	148.1806	0.9415	25.150000000000002
173.2903	-39.8903	-1.2238	25.200000000000003
126.4194	99.7032	0.5344	25.250000000000004
85.6194	50.9677	0.4522	25.3
95.8774	2.0774	-0.1502	25.35
477.5677	-32.3484	-0.388	25.400000000000002
124.2581	-17.4129	-0.6673	25.450000000000003
202.3161	5.3032	-0.1402	25.500000000000004
177.4581	1.9161	-0.1746	25.55
201.8323	30.7032	0.0799	25.6
325.8194	144.2581	0.3636	25.650000000000002
276.0129	111.3226	0.3358	25.700000000000003
245.7742	11.2581	-0.0993	25.750000000000004
270.5548	-117.9097	-8.3468	25.8
214.0903	-14.3419	-0.3856	25.85
208.8581	-8.8968	-0.3118	25.900000000000002
192.8452	-29.9419	-0.7405	25.950000000000003
217.3226	-24.7419	-0.5538	26.000000000000004
5.6839	-65.1355	1.0547	26.05
173.0387	-65.5742	-3.9569	26.1
18.6968	64.4516	0.848	26.150000000000002
93.4387	33.5419	0.3015	26.200000000000003
56.7935	-99.0839	1.4821	26.250000000000004
115.6968	85.0839	0.5143	26.3
289.4903	-29.1097	-0.5021	26.35
342.3935	-61.6258	-0.8749	26.400000000000002
372.6323	-67.4258	-0.8806	26.450000000000003
251.3097	39.9613	0.0895	26.500000000000004
89.3742	-99.1742	1.9842	26.55
308.8452	-52.5161	-0.8184	26.6
59.671	-109.8516	1.4474	26.650000000000002
84.8903	-19.1677	-1.1881	26.700000000000003
317.5355	-53.0129	-0.8015	26.750000000000004
307.6452	52.6065	0.1058	26.8
35.3484	78.871	0.7803	26.85
30.9161	28.5355	0.5784	26.900000000000002
48.9871	-78.071	1.5486	26.950000000000003
196.2968	10.2903	-0.0861	27.000000000000004
261.4774	-39.6387	-0.7221	27.05
370.3419	46.3355	0.0402	27.1
-152.4065	-92.4387	0.4578	27.150000000000002
275.5355	-101.9677	-3.6179	27.200000000000003
40.1355	-13.4452	-2.6362	27.250000000000004
304.0774	-23.1161	-0.4152	27.3
187.929	42.8774	0.176	27.35
360.8387	6.6645	-0.1573	27.400000000000002
304.7742	89.2065	0.2431	27.450000000000003
406.8903	49.9935	0.0367	27.500000000000004
-50.8065	-35.2065	0.497	27.55
190.3032	54.4387	0.2367	27.6
245.2129	97.271	0.3309	27.650000000000002
164.9484	-70.6839	-7.3941	27.700000000000003
205.0065	19.071	-0.0118	27.750000000000004
148.9935	-77.7806	28.2228	27.8
194.8645	53.2968	0.2243	27.85
283.6194	34.6903	0.0359	27.900000000000002
109.3935	-18.5097	-0.8138	27.950000000000003
13.5032	-58.9161	1.1553	28.000000000000004
-125.6645	48.8645	-4.3981	28.05
288.3097	-127.5613	-9.4249	28.1
306.8581	-25.9548	-0.4443	28.150000000000002
195.071	-71.8903	-3.5639	28.200000000000003
224.7548	-36.5742	-0.779	28.250000000000004
47.1484	-33.8903	3.7422	28.3
184.0839	-10.1742	-0.3491	28.35
33.3548	-55.9871	1.5091	28.400000000000002
170.4194	-53.9871	-2.2749	28.450000000000003
-135.7871	-69.7806	0.4082	28.500000000000004
147.3742	-48.5484	-2.5175	28.55
303.8516	17.7677	-0.0744	28.6
240.6065	3.2581	-0.1684	28.650000000000002
243.6387	-112.5161	-14.7132	28.700000000000003
243.9871	-12.6323	-0.3386	28.750000000000004
127.4968	30.9032	0.1918	28.8
-9.4387	-15.5548	0.7207	28.85
314.1355	102.4968	0.2739	28.900000000000002
96.4323	12.8323	0.0522	28.950000000000003
378.7161	20.6581	-0.082	29.000000000000004
199.4839	-51.1097	-1.4611	29.05
327.0968	-27.0581	-0.4379	29.1
533.5161	31.4774	-0.0733	29.150000000000002
224.8065	28.5871	0.0433	29.200000000000003
-11.7677	-43.5935	0.8573	29.250000000000004
401.3097	-2.5097	-0.2152	29.3
407.0452	-12.4258	-0.278	29.35
173.2452	2.0	-0.1729	29.400000000000002
286.8452	-87.2065	-2.0615	29.450000000000003
-53.7419	44.8065	2.7978	29.500000000000004
-35.4645	49.8065	1.6634	29.55
349.7484	27.4452	-0.0372	29.6
14.8387	191.1355	0.9552	29.650000000000002
148.8258	48.0774	0.271	29.700000000000003
-8.0516	-37.1161	0.8826	29.750000000000004
-10.1161	22.4839	1.3483	29.8
-76.1097	-0.6323	-0.1804	29.85
75.4774	-136.8581	1.4569	29.900000000000002
68.0	-67.5032	2.2178	29.950000000000003
193.5097	-56.7484	-1.9022	30.000000000000004
102.4323	-47.0581	-13.7808	30.05
137.3355	13.5677	-0.002	30.1
84.7613	-58.0	4.256	30.150000000000002
318.3355	-21.1484	-0.3839	30.200000000000003
288.6387	56.6452	0.1382	30.250000000000004
258.5871	-50.4387	-0.9676	30.3
24.7871	-38.2	1.5763	30.35
62.8581	2.3419	-0.1168	30.400000000000002
161.129	-36.8065	-1.2094	30.450000000000003
57.1484	-109.929	1.4215	30.500000000000004
71.4581	-64.1355	2.5093	30.55
102.0194	-10.0194	-0.4933	30.6
70.5613	16.4581	0.1817	30.650000000000002
519.5677	6.729	-0.1697	30.700000000000003
64.9548	-38.4	7.5804	30.750000000000004
-7.8194	-48.9613	0.9113	30.8
212.1097	-22.8774	-0.5301	30.85
105.071	3.2194	-0.1307	30.900000000000002
57.9484	57.3871	0.5974	30.950000000000003
234.3548	-30.6065	-0.6243	31.000000000000004
123.271	-28.0129	-1.1998	31.05
193.3097	16.2839	-0.027	31.1
356.3355	26.6323	-0.044	31.150000000000002
118.6839	-28.3161	-1.2952	31.200000000000003
481.2645	47.2516	-0.003	31.250000000000004
7.0581	-53.6839	1.0844	31.3
327.1613	91.2129	0.2296	31.35
89.2516	-0.2065	-0.2056	31.400000000000002
-52.1032	33.1548	5.4011	31.450000000000003
351.4645	31.8968	-0.0157	31.500000000000004
324.6065	-26.8452	-0.4378	31.55
59.0	-149.1161	1.2959	31.6
118.2839	51.8194	0.3604	31.650000000000002
201.3613	-83.529	-6.044	31.700000000000003
37.271	72.1419	0.7537	31.750000000000004
261.4968	33.9097	0.0471	31.8
35.0065	47.5548	0.6772	31.85
209.6258	-45.529	-1.1216	31.900000000000002
192.1677	55.8645	0.2412	31.950000000000003
89.9613	-25.5613	-1.7795	32.0
-13.6387	36.7935	1.273	32.05
288.8645	85.3355	0.2457	32.1
-33.6839	86.6387	1.2896	32.15
180.6065	80.6452	0.3661	32.199999999999996
0.4903	-101.0387	1.0029	32.25
-38.3355	-54.5742	0.6881	32.3
153.5161	-67.471	-8.918	32.35
29.1226	-68.6194	1.3232	32.4
235.2323	-20.3935	-0.4517	32.449999999999996
20.3484	12.0323	0.4502	32.5
409.8903	49.9097	0.035	32.55
222.8581	50.0774	0.1721	32.6
455.3935	-55.7935	-0.5895	32.65
-104.3097	51.8581	-209.887	32.699999999999996
81.1613	34.2774	0.3495	32.75
133.0839	97.2194	0.5124	32.8
398.5935	40.3548	0.0021	32.85
143.6839	144.7871	0.602	32.9
400.8645	37.0774	-0.0127	32.949999999999996
366.6903	104.1161	0.2346	33.0
36.8323	-83.8452	1.3378	33.05
326.4	75.7548	0.1804	33.1
342.3548	-14.1484	-0.3081	33.15
346.7355	25.871	-0.0442	33.199999999999996
108.9161	-12.2323	-0.5476	33.25
241.671	-8.7677	-0.2939	33.3
-62.5548	-55.4516	0.5672	33.35
-3.8129	-54.6774	0.9596	33.4
113.7484	44.5226	0.3269	33.449999999999996
309.3806	-32.4	-0.5179	33.5
-130.5871	-82.2903	0.4691	33.55
67.4516	-124.071	1.448	33.6
318.0129	-4.2774	-0.2332	33.65
36.5484	-2.4065	-0.382	33.699999999999996
362.6065	0.3032	-0.198	33.75
141.8839	-33.3355	-1.2637	33.8
263.4387	-21.6516	-0.4361	33.85
229.4258	76.6065	0.2805	33.9
220.9419	-81.1613	-3.5229	33.949999999999996
187.8516	97.5871	0.4115	34.0
289.2774	25.1419	-0.0223	34.05
30.8258	63.4581	0.7655	34.1
125.9871	-45.5097	-3.3235	34.15
123.2065	43.3871	0.2959	34.199999999999996
220.9419	-29.6774	-0.6408	34.25
293.9355	-102.3871	-2.956	34.3
230.5032	-0.6839	-0.2072	34.35
135.5806	77.2839	0.4393	34.4
81.7871	-62.5097	3.2702	34.449999999999996
333.6129	4.0839	-0.1713	34.5
337.7355	0.3355	-0.1976	34.55
189.7419	-44.3484	-1.2534	34.6
71.2903	33.2516	0.3792	34.65
65.5742	-8.7677	-0.638	34.699999999999996
227.8968	-97.1613	-7.1454	34.75
300.4903	1.6387	-0.1871	34.8
95.5419	-93.4774	2.2542	34.85
342.9097	-22.1677	-0.3782	34.9
183.1355	-67.4194	-3.5503	34.949999999999996
365.7677	-52.1548	-0.6787	35.0
279.8903	20.4645	-0.0469	35.05
348.9806	2.6839	-0.1818	35.1
52.1935	21.3548	0.34	35.15
123.5161	-38.8452	-2.2344	35.199999999999996
80.929	-30.6258	-3.9353	35.25
216.6581	78.8839	0.3056	35.3
228.4839	46.0129	0.1445	35.35
241.8323	-34.9613	-0.6881	35.4
445.0516	17.8323	-0.111	35.449999999999996
326.1484	-33.0129	-0.5046	35.5
167.6387	52.0129	0.2595	35.55
280.5032	33.9355	0.0338	35.6
500.1355	171.2387	0.2877	35.65
414.3935	-45.3161	-0.5359	35.699999999999996
177.0194	-16.8	-0.4811	35.75
197.7032	183.6	0.58	35.8
22.1355	-63.4452	1.2536	35.85
52.729	-72.7484	1.6821	35.9
118.6452	-39.0	-2.5029	35.949999999999996
174.6387	25.129	0.0682	36.0
283.8581	16.1097	-0.0777	36.05
235.1742	-92.8581	-4.706	36.1
237.1484	0.2258	-0.1977	36.15
199.5613	-20.2839	-0.5062	36.199999999999996
-48.8968	20.2774	-6.0339	36.25
89.8387	58.4903	0.4787	36.3
313.6194	27.6194	-0.0203	36.35
105.8129	-41.6258	-4.628	36.4
150.6839	-49.2774	-2.4687	36.449999999999996
455.8452	22.4452	-0.0924	36.5
1034.6968	12.9613	-0.1707	36.55
1031.8774	75.7226	-0.0464	36.6
331.3806	70.6129	0.1586	36.65
388.4774	-40.6581	-0.5177	36.699999999999996
485.0129	-62.6065	-0.6176	36.75
462.2581	-20.9097	-0.3194	36.8
63.0387	-103.7935	1.5233	36.85
407.6323	79.2194	0.1359	36.9
-111.6903	-28.2774	0.2034	36.949999999999996
43.0	19.1419	0.3652	37.0
49.5032	16.9097	0.2871	37.05
371.8194	79.6129	0.1598	37.1
495.5613	41.2516	-0.0287	37.15
126.1032	35.1871	0.2298	37.199999999999996
135.0194	41.0129	0.2535	37.25
-38.0	53.5484	1.6599	37.3
294.6581	-5.9161	-0.2502	37.35
207.2645	73.1484	0.2965	37.4
468.8258	-31.1419	-0.3838	37.449999999999996
145.7484	-63.7032	-8.5354	37.5
282.2065	-7.8581	-0.2708	37.55
205.2387	22.5226	0.016	37.6
250.3161	-17.1097	-0.39	37.65
247.9161	-75.3226	-2.0585	37.699999999999996
407.2968	-68.2065	-0.8043	37.75
296.2129	-67.5097	-1.2051	37.8
352.6968	28.8452	-0.0313	37.85
515.0258	47.3935	-0.0135	37.9
420.7226	92.6645	0.167	37.949999999999996
255.0258	4.8839	-0.1557	38.0
275.2	37.9484	0.0594	38.05
72.2129	6.2581	-0.0227	38.1
243.9355	-9.9548	-0.3066	38.15
151.3484	27.1613	0.1169	38.199999999999996
175.7935	-45.3548	-1.4793	38.25
294.9742	-51.4839	-0.8435	38.3
381.9097	24.1742	-0.0652	38.35
152.4387	-77.6516	64.8595	38.4
321.3613	-26.6452	-0.4386	38.45
259.5935	-61.9806	-1.2967	38.5
89.5226	110.5677	0.6542	38.55
398.3871	-59.4903	-0.711	38.6
99.1484	72.7226	0.5136	38.65
281.9871	-2.6387	-0.2229	38.7
47.7097	75.129	0.7108	38.75
247.4258	-57.8	-1.2523	38.8
386.0581	-91.9419	-1.2914	38.85
207.2129	-57.0968	-1.6732	38.9
166.0387	-51.9161	-2.203	38.95
106.2452	-4.1742	-0.3023	39.0
252.5548	-56.2452	-1.1638	39.05
275.2968	-8.8581	-0.2825	39.1
243.8581	72.729	0.2483	39.15
488.4065	5.6194	-0.173	39.2
220.7548	83.071	0.3153	39.25
26.8387	-7.6194	-1.7764	39.3
237.8194	147.7677	0.4649	39.35
149.0065	109.7548	0.5148	39.4
117.2968	62.2387	0.4178	39.45
232.8258	-32.3935	-0.6627	39.5
291.9742	-115.9355	-4.8295	39.55
189.1161	-52.6	-1.7044	39.6
276.0581	36.1742	0.0492	39.65
429.3548	-10.7161	-0.263	39.7
54.3613	6.929	0.0438	39.75
307.3677	110.7484	0.3026	39.8
577.0516	-19.4387	-0.2867	39.85
270.9935	-6.3032	-0.2585	39.9
392.4065	37.3484	-0.0081	39.95
985.3677	231.0258	0.1831	40.0
