DemDexc	AemDexc	E	T
1472.6645	501.1226	0.286	0.05
912.0903	357.0645	0.327	0.1
-135.0129	276.1677	1.3882	0.15000000000000002
41.0387	244.9032	0.9072	0.2
342.9548	313.1161	0.5754	0.25
222.1935	358.3613	0.716	0.3
45.3935	321.0258	0.9208	0.35000000000000003
-127.6323	221.7097	1.485	0.4
-32.3871	182.2645	1.117	0.45
1.4452	298.6452	0.9971	0.5
12.3419	388.3548	0.9812	0.55
304.6258	335.7613	0.6255	0.6000000000000001
464.9419	346.9355	0.5185	0.6500000000000001
218.2516	370.2194	0.7268	0.7000000000000001
5.5484	363.9742	0.9909	0.7500000000000001
84.1484	268.0387	0.8372	0.8
30.9806	121.1871	0.864	0.8500000000000001
267.929	99.5226	0.3115	0.9000000000000001
0.4516	-94.6194	1.0029	0.9500000000000001
143.1871	-12.6452	-0.4574	1.0
-106.8065	-70.329	0.4821	1.05
76.3677	-17.0065	-1.1637	1.1
298.0387	110.6516	0.3113	1.1500000000000001
461.7484	-41.871	-0.4658	1.2000000000000002
266.0903	38.5226	0.0694	1.2500000000000002
153.5484	38.2452	0.199	1.3
207.0387	39.071	0.1288	1.35
-36.871	-42.2968	0.6357	1.4000000000000001
406.0645	75.5871	0.1255	1.4500000000000002
591.3355	102.871	0.1097	1.5000000000000002
-44.8516	-46.3097	0.6085	1.55
384.4194	119.2774	0.2595	1.6
358.0129	-27.3871	-0.4168	1.6500000000000001
200.1484	88.929	0.3646	1.7000000000000002
428.8968	33.8774	-0.0363	1.7500000000000002
304.6387	32.3548	0.0102	1.8
194.729	11.4065	-0.0742	1.85
693.8774	71.329	0.0046	1.9000000000000001
1151.3484	63.1677	-0.0813	1.9500000000000002
598.2645	268.071	0.3671	2.0
819.1032	216.9742	0.2156	2.05
972.9742	53.4774	-0.0812	2.1
1089.5871	-19.8581	-0.2454	2.15
656.271	149.3484	0.1753	2.1999999999999997
821.8065	-27.1484	-0.2849	2.25
581.871	7.1935	-0.171	2.3
737.2903	81.8903	0.0181	2.35
822.5419	111.8839	0.0566	2.4
685.4452	-0.5419	-0.2019	2.45
908.2774	1.4194	-0.1963	2.5
1000.929	-53.5677	-0.3438	2.55
486.1484	36.1871	-0.0445	2.6
684.3935	9.1484	-0.1688	2.65
881.1161	34.7613	-0.1122	2.7
780.0194	26.0903	-0.1248	2.75
738.5613	161.0839	0.1645	2.8
1142.9742	-18.2258	-0.2395	2.85
1099.4	225.3226	0.1489	2.9
996.9097	88.129	-0.0197	2.95
721.7742	44.7097	-0.0677	3.0
1286.8	37.0645	-0.1346	3.05
1204.4645	71.6452	-0.0724	3.1
884.2968	122.0774	0.0596	3.15
936.0129	-79.2903	-0.4448	3.2
1095.0	49.4774	-0.1005	3.25
629.7226	43.7484	-0.0536	3.3
1161.7548	69.0452	-0.0725	3.35
842.5355	113.529	0.0547	3.4
1181.5161	-19.929	-0.2419	3.45
1241.9613	23.6452	-0.156	3.5
1035.729	-50.9484	-0.3309	3.55
1003.0065	23.7484	-0.1457	3.6
966.8194	18.6258	-0.1555	3.65
1464.7419	95.871	-0.0611	3.7
801.271	-76.5484	-0.4834	3.75
863.7935	-7.7419	-0.2219	3.8
774.4194	3.7419	-0.1885	3.85
728.5742	54.1419	-0.0447	3.9
920.8129	104.7935	0.0225	3.95
1186.2065	16.0452	-0.1684	4.0
1103.4	168.7097	0.081	4.05
1353.7935	3.5226	-0.1938	4.1
1165.4	91.0452	-0.0378	4.15
1201.3935	28.6065	-0.1455	4.2
1108.7484	121.1032	0.0151	4.25
1209.0194	114.7677	-0.0085	4.3
854.529	1.871	-0.1948	4.35
1096.7484	93.4774	-0.0252	4.4
1061.2194	40.9548	-0.114	4.45
1015.9613	12.1871	-0.1719	4.5
967.271	87.1871	-0.0167	4.55
1320.8516	-15.2129	-0.2283	4.6
1297.4903	36.6194	-0.1359	4.65
854.3419	10.8968	-0.1702	4.7
1444.529	142.5935	-0.0021	4.75
874.1677	119.2839	0.0573	4.8
1047.4	23.8903	-0.1476	4.8500000000000005
830.2194	-67.6258	-0.4335	4.9
911.3161	73.9032	-0.0325	4.95
900.2581	125.7613	0.0621	5.0
1218.8774	185.2774	0.0798	5.05
866.1871	79.1226	-0.0146	5.1000000000000005
1357.5677	-25.9032	-0.2476	5.15
1101.1226	67.0065	-0.0698	5.2
993.4968	24.2968	-0.144	5.25
1035.0968	-16.1548	-0.2387	5.3
763.2581	-42.4581	-0.3502	5.3500000000000005
941.4	-17.9226	-0.2475	5.4
971.7226	8.8194	-0.1786	5.45
965.8774	189.2516	0.1379	5.5
1144.529	28.9871	-0.1421	5.55
668.1032	160.2387	0.189	5.6000000000000005
855.3548	86.9548	0.0028	5.65
872.3871	15.5871	-0.1586	5.7
1198.3806	106.0323	-0.0196	5.75
1209.2129	146.271	0.0338	5.8
903.4194	58.3355	-0.0628	5.8500000000000005
896.071	-52.2387	-0.3584	5.9
928.9548	3.4129	-0.1912	5.95
820.9677	34.6774	-0.1065	6.0
1073.7742	23.7613	-0.1491	6.05
1000.0774	51.4258	-0.0881	6.1000000000000005
1151.8323	194.1806	0.1026	6.15
1144.8452	75.7935	-0.0597	6.2
1207.7806	-1.1871	-0.2024	6.25
1106.8258	50.871	-0.099	6.3
988.5935	178.3419	0.1182	6.3500000000000005
1130.8129	256.3613	0.1744	6.4
1303.0387	130.2258	-0.0001	6.45
1166.3548	9.2581	-0.1812	6.5
761.6774	86.9806	0.0231	6.55
942.729	36.8323	-0.113	6.6000000000000005
1132.9677	7.8387	-0.1836	6.65
1103.3419	116.671	0.0095	6.7
956.1613	43.6581	-0.0996	6.75
1036.7097	111.3161	0.0121	6.8
1214.7935	-6.3806	-0.2127	6.8500000000000005
1542.9097	36.6258	-0.1456	6.9
1116.0452	-20.0903	-0.2448	6.95
1094.2645	-26.6774	-0.2615	7.0
928.3742	90.729	-0.0038	7.05
1126.8194	1.5419	-0.1967	7.1000000000000005
973.8194	169.2774	0.1096	7.15
750.5742	85.0323	0.0217	7.2
1006.4	-11.3097	-0.2276	7.25
948.7742	-55.1742	-0.3579	7.3
1050.2387	87.2065	-0.0291	7.3500000000000005
1420.7032	20.4129	-0.1665	7.4
1015.271	6.4258	-0.185	7.45
1096.6774	117.3032	0.0115	7.5
1253.4581	59.9613	-0.0952	7.55
941.0	25.3806	-0.1386	7.6000000000000005
1215.0774	76.2194	-0.0662	7.65
875.4323	-7.1613	-0.22	7.7
1045.1613	61.6581	-0.0734	7.75
979.4	42.071	-0.1051	7.8
775.2387	146.7484	0.1295	7.8500000000000005
979.9871	34.0129	-0.1221	7.9
1012.6258	75.9677	-0.0434	7.95
935.071	197.3032	0.1561	8.0
1166.4516	70.271	-0.071	8.05
681.9806	106.071	0.0847	8.100000000000001
950.5677	50.9097	-0.0839	8.15
776.9097	118.3806	0.0803	8.200000000000001
1188.1161	53.6903	-0.1005	8.250000000000002
887.6	89.0452	0.0005	8.3
819.3097	44.8774	-0.0815	8.350000000000001
808.6194	130.7226	0.0932	8.4
1143.5677	180.2645	0.0876	8.450000000000001
994.871	186.2581	0.1269	8.500000000000002
734.3935	94.9677	0.0466	8.55
657.7484	62.5935	-0.0081	8.600000000000001
1185.1097	110.8258	-0.0109	8.65
1081.0258	27.2323	-0.1424	8.700000000000001
1118.9032	136.3161	0.0351	8.750000000000002
1057.4452	8.7677	-0.1804	8.8
1322.4129	7.3419	-0.1868	8.850000000000001
928.9935	-49.9355	-0.3445	8.9
595.329	59.5806	0.0001	8.950000000000001
893.929	115.3677	0.0462	9.000000000000002
766.1484	74.0452	-0.0056	9.05
864.8387	51.1613	-0.073	9.100000000000001
914.8194	23.7806	-0.1407	9.15
893.8194	111.5613	0.0397	9.200000000000001
1059.4452	25.2387	-0.1454	9.250000000000002
1322.9806	27.1032	-0.1528	9.3
1009.5032	21.3742	-0.1512	9.350000000000001
1101.2387	115.0258	0.0074	9.4
1065.3419	-24.8452	-0.2587	9.450000000000001
1027.4258	60.0581	-0.0744	9.500000000000002
1064.0065	147.0323	0.0598	9.55
1067.6839	134.6387	0.0417	9.600000000000001
771.9032	35.871	-0.098	9.650000000000002
1155.7871	-37.7935	-0.284	9.700000000000001
1065.3548	20.7613	-0.155	9.750000000000002
881.7032	34.1032	-0.1138	9.8
814.5484	144.9161	0.1149	9.850000000000001
745.8516	49.7871	-0.0587	9.900000000000002
1231.6323	75.5742	-0.0688	9.950000000000001
994.0839	-75.5742	-0.4152	10.000000000000002
1053.0903	89.4516	-0.0257	10.05
1146.6387	166.1806	0.0697	10.100000000000001
1179.4258	47.7613	-0.1101	10.150000000000002
1171.9419	158.729	0.0558	10.200000000000001
1054.7677	91.4903	-0.0226	10.250000000000002
1366.1935	18.0581	-0.1691	10.3
1218.4516	68.3097	-0.079	10.350000000000001
1122.2194	144.6065	0.0459	10.400000000000002
1075.4065	73.1226	-0.0563	10.450000000000001
967.9097	46.6	-0.0946	10.500000000000002
892.2194	56.2129	-0.0657	10.55
997.2258	-19.6968	-0.2494	10.600000000000001
838.6774	-112.9548	-0.6424	10.650000000000002
731.2968	9.4	-0.1699	10.700000000000001
913.2129	152.8774	0.101	10.750000000000002
1186.1355	105.2258	-0.0192	10.8
813.1419	58.5677	-0.0489	10.850000000000001
1023.3355	164.2258	0.0916	10.900000000000002
853.2774	-17.2065	-0.2504	10.950000000000001
1169.2968	183.6129	0.0868	11.000000000000002
991.9419	-24.4387	-0.2622	11.05
1091.9806	-2.8968	-0.2064	11.100000000000001
994.271	6.6323	-0.1842	11.150000000000002
522.871	10.4129	-0.154	11.200000000000001
-93.9806	-3.4581	-0.1177	11.250000000000002
137.8129	-21.2903	-0.7365	11.3
74.6387	79.1032	0.6153	11.350000000000001
156.8968	-6.8	-0.3139	11.400000000000002
566.0452	-56.5419	-0.4996	11.450000000000001
144.1226	-56.3548	-4.5056	11.500000000000002
242.1742	-12.5419	-0.3387	11.55
187.5419	13.2452	-0.0515	11.600000000000001
435.7548	-21.0258	-0.3282	11.650000000000002
354.2903	-50.0452	-0.6725	11.700000000000001
111.5935	-50.8452	-12.5221	11.750000000000002
53.5484	28.9613	0.4235	11.8
205.6323	-40.2968	-0.9735	11.850000000000001
-123.5613	58.4645	-21.3564	11.900000000000002
4.529	85.3613	0.969	11.950000000000001
158.9161	6.0839	-0.1147	12.000000000000002
123.1677	-9.7935	-0.4269	12.05
320.329	77.0903	0.1899	12.100000000000001
-4.1613	107.1032	1.0238	12.150000000000002
-7.3677	-49.8516	0.9174	12.200000000000001
122.5677	-80.5161	4.8238	12.250000000000002
101.6258	66.7484	0.4813	12.3
237.6968	82.2194	0.2907	12.350000000000001
219.5548	-65.4516	-1.9719	12.400000000000002
-59.8516	-23.9613	0.3336	12.450000000000001
-171.0645	78.7806	-14.2021	12.500000000000002
203.1355	65.871	0.2721	12.55
387.9677	-15.6581	-0.3054	12.600000000000001
-10.8516	-86.2903	0.929	12.650000000000002
74.7871	19.8839	0.2166	12.700000000000001
231.5548	125.0323	0.4231	12.750000000000002
194.1032	118.9677	0.4609	12.8
238.271	24.6516	0.0057	12.850000000000001
227.2581	-113.671	3252.5385	12.900000000000002
213.3161	-27.9419	-0.626	12.950000000000001
146.0774	-64.3871	-9.1306	13.000000000000002
189.9871	-102.2323	16.7476	13.05
91.5935	-70.8581	3.1929	13.100000000000001
257.4516	-11.1871	-0.3142	13.150000000000002
-107.8774	2.3419	-0.2545	13.200000000000001
178.4581	35.1355	0.139	13.250000000000002
224.471	-77.8323	-2.9148	13.3
117.4903	-9.2581	-0.4245	13.350000000000001
428.8387	8.4774	-0.1544	13.400000000000002
196.9226	-62.8774	-2.3204	13.450000000000001
247.5935	-48.2452	-0.9663	13.500000000000002
175.8516	-1.4129	-0.2196	13.55
-89.5806	-34.4516	0.3217	13.600000000000001
388.9935	-29.3548	-0.4133	13.650000000000002
-128.7742	-60.2323	0.38	13.700000000000001
57.7161	-29.4323	61.3101	13.750000000000002
165.8323	67.7226	0.3395	13.8
250.3226	79.0839	0.2646	13.850000000000001
212.8258	84.6323	0.3316	13.900000000000002
373.7871	32.7226	-0.0212	13.950000000000001
240.471	88.8581	0.31	14.000000000000002
29.8516	-51.7806	1.486	14.05
260.5548	120.8387	0.3774	14.100000000000001
141.671	118.0387	0.55	14.150000000000002
371.2968	103.071	0.2284	14.200000000000001
372.8323	0.2387	-0.1985	14.250000000000002
-18.9806	-23.4387	0.6542	14.3
180.8258	16.8452	-0.0115	14.350000000000001
316.9097	59.5548	0.1278	14.400000000000002
279.7613	88.3419	0.2645	14.450000000000001
186.1226	-124.1226	4.5953	14.500000000000002
57.3742	-24.4258	-7.0784	14.55
227.071	164.2258	0.5095	14.600000000000001
85.529	118.2839	0.6814	14.650000000000002
62.4	87.8452	0.6855	14.700000000000001
52.8323	-96.0645	1.4551	14.750000000000002
184.7806	93.5226	0.4037	14.8
233.0516	98.7613	0.3505	14.850000000000001
-25.4968	-9.529	0.3133	14.900000000000002
276.729	-9.5548	-0.289	14.950000000000001
401.6581	-39.3935	-0.4928	15.000000000000002
205.2194	78.2581	0.3192	15.05
395.4129	1.0323	-0.1938	15.100000000000001
401.1806	24.6387	-0.0687	15.150000000000002
41.729	-45.0452	2.0354	15.200000000000001
-30.5806	28.9097	2.3472	15.250000000000002
172.5484	-41.5871	-1.3168	15.3
100.4323	-48.0645	-27.0066	15.350000000000001
162.0581	-20.0645	-0.5949	15.400000000000002
252.9806	26.6903	0.0091	15.450000000000001
288.0258	-79.0194	-1.659	15.500000000000002
151.0968	-59.4516	-4.6321	15.55
245.1742	12.5355	-0.0887	15.600000000000001
439.7677	-12.6581	-0.2733	15.650000000000002
406.8581	23.1097	-0.0776	15.700000000000001
267.7161	-18.5032	-0.3925	15.750000000000002
193.5419	-60.2452	-2.1793	15.8
134.2387	35.7677	0.2172	15.850000000000001
297.1677	-21.1742	-0.3994	15.900000000000002
-150.3871	-48.4839	0.2704	15.950000000000001
-43.2387	-72.5613	0.7245	16.0
281.7484	28.0065	-0.001	16.05
303.0581	100.8774	0.2796	16.1
105.8581	-106.5419	2.1847	16.150000000000002
-69.7935	1.3613	-0.2487	16.200000000000003
302.329	2.5806	-0.1799	16.25
122.7613	-38.8968	-2.276	16.3
519.129	-41.4516	-0.4281	16.35
241.2645	-37.1097	-0.7332	16.400000000000002
62.4903	-25.5613	-5.5966	16.450000000000003
-51.8774	-74.5161	0.6901	16.5
104.7613	-21.0194	-1.0043	16.55
-90.3677	-102.4	0.6326	16.6
-227.9419	-114.2516	0.4007	16.650000000000002
108.4323	-87.8581	2.9339	16.700000000000003
396.5419	-93.4387	-1.2696	16.75
-115.4968	-60.4258	0.4136	16.8
393.3161	-79.7355	-1.0183	16.85
330.7032	128.0645	0.3238	16.900000000000002
-115.8581	-2.3613	-0.153	16.950000000000003
73.929	69.1032	0.5818	17.0
253.4065	-67.7871	-1.5807	17.05
189.5484	-10.8065	-0.3544	17.1
91.6258	72.5226	0.5354	17.150000000000002
254.9355	-176.0065	4.1513	17.200000000000003
209.0387	-65.2323	-2.1925	17.25
164.2258	6.5935	-0.1108	17.3
469.2839	-90.0903	-0.9479	17.35
88.6387	-1.8645	-0.2527	17.400000000000002
464.3419	-78.1484	-0.8089	17.450000000000003
126.1355	-17.1484	-0.6481	17.5
174.5419	-13.6774	-0.423	17.55
414.8323	-41.3484	-0.4988	17.6
243.4129	24.5419	0.0014	17.650000000000002
125.7484	8.5677	-0.0561	17.700000000000003
98.5806	101.9032	0.6088	17.75
311.1097	-62.8516	-1.0136	17.8
389.6065	-31.5871	-0.4322	17.85
265.7097	-17.9871	-0.3879	17.900000000000002
487.1226	-8.8452	-0.2452	17.950000000000003
217.0839	34.0903	0.0868	18.0
74.6065	-20.6645	-1.6903	18.05
173.2387	51.0968	0.2452	18.1
105.3419	36.9032	0.2944	18.150000000000002
75.4258	85.7355	0.6334	18.200000000000003
102.6323	-0.271	-0.2064	18.25
298.7032	10.9742	-0.1179	18.3
-87.5097	19.8129	-1.193	18.35
157.4065	52.8516	0.2821	18.400000000000002
352.9613	18.4258	-0.0866	18.450000000000003
316.5806	107.1548	0.2844	18.5
282.0	56.4516	0.1431	18.55
437.5097	65.5613	0.0767	18.6
383.9677	20.7935	-0.0827	18.650000000000002
389.4774	67.7871	0.1099	18.700000000000003
121.0516	3.9484	-0.1265	18.75
51.7419	-125.0	1.3132	18.8
135.8903	8.929	-0.0606	18.85
400.2194	40.3161	0.0012	18.900000000000002
455.329	31.1871	-0.0554	18.950000000000003
185.2903	-71.4516	-4.2457	19.0
202.8323	-4.8645	-0.2605	19.05
342.7548	-61.6194	-0.8737	19.1
84.4	79.5677	0.5841	19.150000000000002
168.6452	54.2581	0.2698	19.200000000000003
246.7548	-12.5484	-0.3359	19.250000000000004
139.0258	68.729	0.3966	19.3
-27.5419	-3.8903	0.0643	19.35
210.3548	53.3161	0.2037	19.400000000000002
20.8065	103.1161	0.89	19.450000000000003
328.129	-37.9097	-0.5606	19.500000000000004
415.9097	73.8903	0.1146	19.55
297.7742	-45.7806	-0.7328	19.6
133.7935	-6.3935	-0.3268	19.650000000000002
-118.9935	-2.529	-0.1511	19.700000000000003
165.4065	-61.0774	-3.5891	19.750000000000004
14.0	32.9742	0.7899	19.8
359.1419	7.4129	-0.1524	19.85
185.8968	-82.7806	-9.9698	19.900000000000002
320.3161	-22.0194	-0.3913	19.950000000000003
194.4774	-62.929	-2.401	20.000000000000004
59.9355	17.2839	0.2389	20.05
-65.9548	31.5419	-26.5676	20.1
408.3161	55.1613	0.0553	20.150000000000002
-6.0645	2.3484	-4.3208	20.200000000000003
110.0387	71.2129	0.477	20.250000000000004
499.4645	-8.5871	-0.2427	20.3
118.2516	103.0323	0.5625	20.35
389.9226	39.1871	0.0008	20.400000000000002
174.2516	36.5484	0.1546	20.450000000000003
258.1226	-25.9032	-0.5013	20.500000000000004
138.1484	-11.9419	-0.4508	20.55
23.3806	29.6968	0.661	20.6
479.8968	4.0194	-0.1802	20.650000000000002
-37.271	-44.9161	0.6481	20.700000000000003
182.1484	-121.6387	4.5757	20.750000000000004
127.8968	91.3097	0.5057	20.8
370.1097	26.0323	-0.052	20.85
227.7419	-5.3677	-0.2594	20.900000000000002
154.3935	6.2968	-0.1095	20.950000000000003
221.8194	8.3355	-0.1161	21.000000000000004
321.6774	-70.4839	-1.1361	21.05
507.0903	43.8	-0.0232	21.1
184.4194	-99.1032	17.0515	21.150000000000002
332.6903	83.4	0.2007	21.200000000000003
263.8065	-72.4323	-1.6615	21.250000000000004
105.1742	-3.4516	-0.2843	21.3
414.2452	-50.9548	-0.5915	21.35
252.0323	-3.7226	-0.2365	21.400000000000002
139.1742	-56.6194	-5.4394	21.450000000000003
252.729	-25.5806	-0.5046	21.500000000000004
255.8	50.3484	0.139	21.55
139.7032	-12.0774	-0.4509	21.6
294.8194	-47.0581	-0.7627	21.650000000000002
177.8645	29.2581	0.0971	21.700000000000003
190.7097	-28.7806	-0.7188	21.750000000000004
81.3355	51.2774	0.4692	21.8
237.4065	6.3548	-0.139	21.85
-69.3419	-30.4645	0.3613	21.900000000000002
-21.4129	-0.1806	-0.1801	21.950000000000003
118.0452	71.4774	0.4573	22.000000000000004
158.0968	-14.7161	-0.4745	22.05
6.5935	3.8065	0.4431	22.1
215.5806	31.8323	0.0736	22.150000000000002
184.7032	-27.4645	-0.7079	22.200000000000003
171.329	-55.1419	-2.3679	22.250000000000004
137.8258	99.5677	0.5092	22.3
48.6839	-75.5871	1.57	22.35
160.0323	74.0194	0.3766	22.400000000000002
189.4903	91.8774	0.3908	22.450000000000003
399.2258	57.2129	0.0673	22.500000000000004
2.8323	-26.5742	1.0675	22.55
420.7032	-44.4839	-0.5218	22.6
-51.0129	-58.6194	0.6362	22.650000000000002
265.6774	70.7419	0.217	22.700000000000003
325.2903	49.9419	0.0819	22.750000000000004
-25.1742	-18.0516	0.507	22.8
187.8839	-76.2581	-5.3748	22.85
235.5613	196.0774	0.5497	22.900000000000002
217.6387	3.2903	-0.1648	22.950000000000003
178.4194	31.6129	0.114	23.000000000000004
261.9484	15.5871	-0.0724	23.05
161.4645	114.0129	0.5025	23.1
62.8968	-60.1032	2.317	23.150000000000002
424.3742	-47.7677	-0.5486	23.200000000000003
232.2	78.8968	0.2855	23.250000000000004
86.5097	-49.5742	9.2138	23.3
312.6194	17.4323	-0.0796	23.35
311.0516	-118.2323	-4.0044	23.400000000000002
-62.4968	29.3935	-19.2163	23.450000000000003
149.3548	-78.8645	22.4022	23.500000000000004
-49.729	22.2774	-10.5332	23.55
-154.0258	-22.9097	0.0751	23.6
85.2903	83.1484	0.5932	23.650000000000002
31.4065	-79.129	1.2971	23.700000000000003
156.4323	-87.4129	11.2057	23.750000000000004
131.0774	3.9097	-0.1324	23.8
210.4323	89.6903	0.3522	23.85
80.2387	-64.0258	3.0138	23.900000000000002
-5.8839	-0.1871	-0.1282	23.950000000000003
-126.7935	-54.3419	0.3539	24.000000000000004
-83.7097	-97.1613	0.6387	24.05
98.9742	7.2645	-0.0464	24.1
213.6774	45.0968	0.1562	24.150000000000002
211.0065	141.1226	0.4867	24.200000000000003
-25.071	-54.5097	0.7756	24.250000000000004
-38.1161	-16.3677	0.3544	24.3
314.2323	-69.1226	-1.1426	24.35
473.1806	-108.8	-1.2217	24.400000000000002
58.1871	12.0	0.1504	24.450000000000003
-164.2903	30.1677	-0.8965	24.500000000000004
289.1548	-26.7097	-0.4719	24.55
97.8258	-48.9548	1400.6615	24.6
129.8581	-10.5097	-0.4317	24.650000000000002
344.3742	9.729	-0.1358	24.700000000000003
397.9419	-83.3484	-1.065	24.750000000000004
72.129	-78.5097	2.0196	24.8
42.8774	0.5613	-0.1694	24.85
289.1548	-156.3677	15.7149	24.900000000000002
374.8645	96.8968	0.2089	24.950000000000003
191.9806	-90.4645	-19.8455	25.000000000000004
258.6387	-93.8323	-3.3729	25.05
295.5548	-62.4129	-1.0774	25.1
198.2194	-28.0258	-0.6731	25.150000000000002
98.4129	-3.1742	-0.2827	25.200000000000003
81.8968	-90.129	1.9991	25.250000000000004
187.6258	-64.8645	-2.8888	25.3
265.6645	7.2452	-0.1379	25.35
-22.0581	-82.6903	0.8588	25.400000000000002
116.3613	-10.8839	-0.4761	25.450000000000003
45.0968	141.8	0.8354	25.500000000000004
400.6129	98.7871	0.1963	25.55
65.9935	17.7419	0.2196	25.6
323.8516	58.4452	0.1183	25.650000000000002
234.5161	16.5161	-0.0518	25.700000000000003
93.3613	22.0452	0.1849	25.750000000000004
240.4903	-26.8774	-0.5454	25.8
-160.8065	-55.8645	0.292	25.85
-39.2903	-59.7742	0.7032	25.900000000000002
73.5097	-85.9935	1.8958	25.950000000000003
-80.1935	-42.8774	0.4201	26.000000000000004
169.8903	-79.6968	-18.422	26.05
130.4452	181.8	0.6832	26.1
104.271	-42.5226	-5.5082	26.150000000000002
225.9935	-60.1742	-1.567	26.200000000000003
102.9484	-9.3806	-0.4674	26.250000000000004
287.2774	62.6452	0.1644	26.3
164.4452	61.9677	0.3157	26.35
348.8581	36.4581	0.0075	26.400000000000002
68.0065	35.3226	0.4114	26.450000000000003
388.6194	80.7871	0.1524	26.500000000000004
-55.0774	-46.2387	0.5521	26.55
234.4452	-3.129	-0.2329	26.6
359.4968	-32.7355	-0.4672	26.650000000000002
489.671	-49.9806	-0.5078	26.700000000000003
212.7548	-69.7161	-2.482	26.750000000000004
238.7613	-92.0387	-4.2395	26.8
96.3097	20.3613	0.1566	26.85
119.3419	38.5161	0.2707	26.900000000000002
313.8516	41.6129	0.0515	26.950000000000003
15.6968	-8.3097	21.4168	27.000000000000004
352.3161	-29.0839	-0.4373	27.05
305.2581	-6.1742	-0.2506	27.1
335.8065	18.2258	-0.0825	27.150000000000002
322.8516	28.0258	-0.0225	27.200000000000003
241.1677	113.7677	0.3825	27.250000000000004
239.6258	37.0387	0.0834	27.3
12.7097	-42.2581	1.2124	27.35
215.0774	-1.6839	-0.2191	27.400000000000002
246.4258	44.7935	0.1199	27.450000000000003
118.6129	37.6452	0.2659	27.500000000000004
341.5484	-49.6516	-0.6919	27.55
-103.7677	-30.0645	0.2402	27.6
174.5935	17.8516	0.0037	27.650000000000002
276.9935	115.8839	0.3467	27.700000000000003
-83.8129	-29.6129	0.2969	27.750000000000004
282.8323	17.7935	-0.0659	27.8
118.6516	34.7677	0.2434	27.85
301.0968	-30.4194	-0.5039	27.900000000000002
103.6452	105.071	0.6036	27.950000000000003
217.1226	-3.9161	-0.2449	28.000000000000004
48.0581	-19.5548	-5.4447	28.05
190.0323	38.871	0.1484	28.1
191.6258	-59.3484	-2.1531	28.150000000000002
62.0387	41.5677	0.4872	28.200000000000003
381.0774	-76.3355	-1.0021	28.250000000000004
180.6129	21.7355	0.0328	28.3
132.7935	32.4452	0.1939	28.35
-17.4323	-15.2129	0.5629	28.400000000000002
441.6194	-32.2581	-0.4053	28.450000000000003
11.8645	112.6387	0.94	28.500000000000004
-106.5935	59.471	11.3586	28.55
549.4516	-36.4903	-0.3838	28.6
15.471	-10.6903	4.1415	28.650000000000002
268.1226	114.1484	0.3519	28.700000000000003
149.5806	18.4516	0.0375	28.750000000000004
80.3806	-35.2065	-8.6769	28.8
190.7484	0.0323	-0.1996	28.85
117.3161	-124.3355	2.0717	28.900000000000002
233.071	77.6323	0.2798	28.950000000000003
355.1161	40.0968	0.0211	29.000000000000004
531.871	32.2194	-0.0703	29.05
230.3935	-36.529	-0.7572	29.1
170.0774	46.1484	0.2221	29.150000000000002
110.729	24.5484	0.1686	29.200000000000003
72.6581	12.8129	0.1129	29.250000000000004
137.329	8.7032	-0.065	29.3
311.6903	-55.071	-0.8558	29.35
234.6968	16.9742	-0.0484	29.400000000000002
69.5032	-15.1613	-1.1287	29.450000000000003
-111.0258	32.1161	-1.8472	29.500000000000004
206.2581	-98.7032	-26.9621	29.55
95.1548	19.329	0.1467	29.6
345.0968	-117.6581	-2.7722	29.650000000000002
273.7097	49.3871	0.1182	29.700000000000003
48.9226	-21.6516	-9.4473	29.750000000000004
17.5097	41.5355	0.7911	29.8
239.0774	-7.7871	-0.2836	29.85
97.7613	28.3226	0.2402	29.900000000000002
379.1032	-25.7355	-0.3885	29.950000000000003
234.4194	38.6387	0.0975	30.000000000000004
286.3419	119.2581	0.3453	30.05
122.6387	93.9484	0.5261	30.1
131.5355	45.3677	0.2899	30.150000000000002
356.2581	33.4452	-0.0103	30.200000000000003
172.0	34.0194	0.1401	30.250000000000004
153.7613	20.5484	0.0531	30.3
-4.3871	33.0839	1.0852	30.35
188.9097	6.9226	-0.1181	30.400000000000002
81.6645	15.871	0.1359	30.450000000000003
292.6581	-25.4903	-0.4531	30.500000000000004
272.9613	56.8452	0.1528	30.55
22.1161	-9.7806	-9.3879	30.6
142.1097	-78.6968	12.1576	30.650000000000002
118.9032	33.8194	0.2351	30.700000000000003
60.3097	-11.3935	-0.9287	30.750000000000004
154.4774	-51.1935	-2.5587	30.8
49.2323	37.2516	0.5225	30.85
-235.1935	67.6194	-1.8236	30.900000000000002
33.9935	-118.5548	1.2008	30.950000000000003
119.0194	24.1161	0.1461	31.000000000000004
121.1161	-69.1871	9.4215	31.05
84.6903	6.8903	-0.0321	31.1
244.6452	6.0194	-0.1437	31.150000000000002
274.0839	56.7484	0.1514	31.200000000000003
69.0129	85.6516	0.6554	31.250000000000004
41.7097	49.0452	0.642	31.3
290.7161	-32.5548	-0.5463	31.35
332.5548	9.2323	-0.1369	31.400000000000002
46.4258	-1.6194	-0.29	31.450000000000003
-8.5935	17.929	1.3782	31.500000000000004
70.3419	-3.671	-0.3398	31.55
33.3677	-72.2839	1.3601	31.6
378.9097	78.4	0.1512	31.650000000000002
73.7355	97.3032	0.6703	31.700000000000003
16.3161	62.7161	0.8619	31.750000000000004
245.4323	74.0839	0.2517	31.8
-23.8839	-10.271	0.3549	31.85
220.1355	-105.5935	-28.5207	31.900000000000002
194.7032	86.8258	0.3657	31.950000000000003
198.729	1.2645	-0.1849	32.0
106.3032	56.7742	0.4198	32.05
291.2194	18.1806	-0.0668	32.1
205.7613	68.5548	0.2799	32.15
338.9097	37.1742	0.0159	32.199999999999996
246.0	-0.0258	-0.2003	32.25
66.1226	80.871	0.6518	32.3
-67.8323	15.1806	-1.1723	32.35
-25.4774	10.6903	-6.4627	32.4
223.9097	-34.3871	-0.732	32.449999999999996
174.8194	-10.5806	-0.3653	32.5
94.1806	51.1871	0.425	32.55
216.6839	-51.5161	-1.2879	32.6
156.8258	28.5355	0.1202	32.65
52.7419	-36.6065	4.0917	32.699999999999996
130.2968	85.471	0.481	32.75
211.4645	20.9742	-0.0014	32.8
299.3935	22.6258	-0.0424	32.85
298.1935	36.6258	0.0366	32.9
369.4323	-11.9097	-0.2827	32.949999999999996
577.4194	12.7742	-0.1492	33.0
59.9613	147.4323	0.7972	33.05
299.3806	194.9097	0.4787	33.1
93.4968	-26.7871	-1.8103	33.15
23.8645	1.5613	-0.0612	33.199999999999996
-5.4645	12.4323	1.338	33.25
32.1742	53.6452	0.7232	33.3
462.6	64.2194	0.0608	33.35
113.4129	51.8258	0.373	33.4
-35.7871	-27.129	0.5231	33.449999999999996
184.9935	-30.9419	-0.8032	33.5
147.3097	-24.8194	-0.8099	33.55
222.2194	28.3871	0.0442	33.6
463.8	-14.0323	-0.2773	33.65
157.6129	-9.2	-0.3586	33.699999999999996
84.9935	85.0516	0.6002	33.75
-49.1226	-22.071	0.368	33.8
256.8774	43.3742	0.1029	33.85
96.0452	-64.8774	4.419	33.9
401.1161	-29.6645	-0.4083	33.949999999999996
251.0968	15.0839	-0.0713	34.0
290.2387	-31.8452	-0.5374	34.05
80.7677	40.5484	0.4012	34.1
311.5935	16.4903	-0.0851	34.15
415.7548	-72.2129	-0.8387	34.199999999999996
305.2581	-25.3032	-0.4385	34.25
237.8129	31.8968	0.0538	34.3
273.9355	-20.1548	-0.407	34.35
331.5742	50.6129	0.0807	34.4
-1.4452	-16.3677	0.9493	34.449999999999996
37.3097	32.8581	0.5654	34.5
79.5613	80.5226	0.6032	34.55
127.6581	-2.6323	-0.2516	34.6
317.1806	-7.5742	-0.2602	34.65
-141.3806	-27.9677	0.1402	34.699999999999996
68.9871	-22.3097	-2.3973	34.75
383.8323	18.2968	-0.0956	34.8
230.1484	-69.4645	-2.0276	34.85
437.5355	-30.6903	-0.3958	34.9
218.4903	5.4129	-0.1433	34.949999999999996
402.4065	-18.5613	-0.322	35.0
34.671	23.271	0.4877	35.05
24.671	37.6645	0.7039	35.1
-135.4452	47.7806	-3.0752	35.15
166.6968	189.6645	0.6337	35.199999999999996
34.7548	-22.3355	5.2059	35.25
160.9742	-35.3419	-1.1394	35.3
-113.4258	-42.5484	0.3144	35.35
193.1355	-70.8065	-3.4983	35.4
159.0903	-38.9419	-1.3509	35.449999999999996
139.5484	-35.0258	-1.4096	35.5
275.9484	-3.2903	-0.2293	35.55
256.5032	35.4581	0.0599	35.6
85.7548	62.8645	0.5134	35.65
340.7548	136.2	0.3331	35.699999999999996
250.729	-11.7097	-0.3236	35.75
59.5097	-76.2645	1.7677	35.8
505.4645	21.9613	-0.1041	35.85
82.0065	57.0323	0.4981	35.9
-41.1484	-28.5419	0.4973	35.949999999999996
104.0645	110.5742	0.616	36.0
659.4194	115.2323	0.1108	36.05
303.9613	-10.3548	-0.2877	36.1
119.4452	-12.9097	-0.5309	36.15
304.1677	-45.929	-0.7192	36.199999999999996
-83.6129	6.3419	-0.4146	36.25
61.8968	-54.8258	2.5554	36.3
12.3226	72.2194	0.9057	36.35
349.129	92.9742	0.217	36.4
390.3226	25.5548	-0.0611	36.449999999999996
334.5613	81.7677	0.194	36.5
54.9419	-69.8903	1.7771	36.55
135.0903	55.2774	0.3401	36.6
88.0323	55.129	0.4673	36.65
-225.3935	-6.4581	-0.135	36.699999999999996
-4.4323	107.5484	1.0252	36.75
114.6129	53.5935	0.3799	36.8
67.2452	4.7161	-0.0524	36.85
-4.5226	82.6323	1.0338	36.9
-31.4581	91.1419	1.2503	36.949999999999996
334.8968	-6.4774	-0.2483	37.0
283.8903	73.0645	0.2078	37.05
212.9677	-7.8129	-0.295	37.1
108.5032	124.6387	0.6361	37.15
284.5806	-36.5032	-0.6141	37.199999999999996
262.4387	-49.1613	-0.9189	37.25
320.2065	-59.6968	-0.9135	37.3
124.5871	-32.6903	-1.5251	37.35
181.329	-11.4	-0.3726	37.4
-93.3161	-69.0516	0.5161	37.449999999999996
86.4323	85.4774	0.597	37.5
-26.0839	34.3226	1.7354	37.55
217.2194	42.4323	0.1371	37.6
106.2645	21.4387	0.145	37.65
38.3355	-3.3097	-0.4504	37.699999999999996
325.9613	11.4645	-0.1211	37.75
299.7806	67.8387	0.1739	37.8
13.8839	115.8774	0.9322	37.85
-30.3355	48.7806	1.5415	37.9
145.2968	16.9161	0.0266	37.949999999999996
-208.5742	6.5871	-0.2809	38.0
237.2581	6.3806	-0.1388	38.05
-80.7226	79.729	2.2303	38.1
91.4	-40.5484	-9.6452	38.15
167.7032	156.8387	0.5819	38.199999999999996
155.1419	-8.6323	-0.3503	38.25
113.3548	-1.2387	-0.2268	38.3
126.3484	90.8065	0.5077	38.35
125.6387	-22.7032	-0.8791	38.4
-33.1677	73.6194	1.3489	38.45
109.3548	15.0774	0.0594	38.5
241.6194	100.8968	0.3461	38.55
63.0258	20.2323	0.2692	38.6
64.1613	66.8581	0.6109	38.65
201.9806	51.7742	0.2067	38.7
238.0839	39.6258	0.0997	38.75
289.6774	59.329	0.1487	38.8
155.4	-14.8774	-0.4842	38.85
187.2968	-54.7161	-1.8865	38.9
-29.5484	-10.671	0.3032	38.95
287.0129	-90.471	-2.247	39.0
281.1871	7.5419	-0.1389	39.05
-1.129	16.3613	1.0429	39.1
93.7032	7.8323	-0.0281	39.15
-16.9548	3.7226	-1.1395	39.2
73.1935	-28.8258	-4.6513	39.25
-104.3677	0.9677	-0.2227	39.3
189.9032	29.0258	0.0809	39.35
-10.8194	-0.9806	-0.0159	39.4
245.0	-70.7548	-1.8408	39.45
45.6129	-45.6516	2.198	39.5
478.4968	-83.3935	-0.8421	39.55
45.8968	22.1032	0.3887	39.6
142.6194	5.1097	-0.1198	39.65
91.5097	12.8968	0.0639	39.7
183.5032	71.6258	0.3261	39.75
207.4839	125.8065	0.4577	39.8
202.6387	41.8903	0.151	39.85
212.5097	-57.5097	-1.6158	39.9
509.0323	120.1742	0.1849	39.95
841.8968	61.2129	-0.0477	40.0
