DemDexc	AemDexc	E	T
1211.1862	561.0323	0.3771	0.05
562.3172	558.3613	0.5981	0.1
-330.8483	404.0258	1.832	0.15000000000000002
-258.6552	203.4323	3.0942	0.2
34.331	245.5032	0.9216	0.25
-40.0207	340.2387	1.075	0.3
-23.2276	521.6387	1.0273	0.35000000000000003
91.1931	381.9548	0.872	0.4
68.0276	506.8258	0.9245	0.45
123.0966	420.9935	0.8469	0.5
-1.0345	496.8194	1.0013	0.55
212.0828	443.2968	0.7684	0.6000000000000001
54.331	368.4903	0.9176	0.6500000000000001
50.531	312.1226	0.9101	0.7000000000000001
74.0207	349.1419	0.885	0.7500000000000001
113.0966	274.271	0.7949	0.8
102.5793	269.1032	0.8079	0.8500000000000001
185.9517	398.7806	0.7731	0.9000000000000001
367.9655	627.7484	0.728	0.9500000000000001
323.3793	174.9226	0.4236	1.0
81.5172	487.5871	0.9074	1.05
154.5103	476.6903	0.8326	1.1
98.8552	379.9677	0.8619	1.1500000000000001
69.8069	499.2065	0.9216	1.2000000000000002
624.1931	614.9935	0.596	1.2500000000000002
400.9172	663.0323	0.7214	1.3
122.1241	262.4258	0.7735	1.35
251.8207	357.3806	0.6874	1.4000000000000001
180.8345	414.2903	0.785	1.4500000000000002
149.7862	193.0323	0.6646	1.5000000000000002
101.8276	334.329	0.8414	1.55
26.5793	416.3161	0.9629	1.6
251.7241	223.2645	0.5674	1.6500000000000001
279.4966	135.5097	0.3908	1.7000000000000002
226.5931	280.1097	0.6544	1.7500000000000002
60.4552	222.2774	0.8563	1.8
143.0759	54.6065	0.3195	1.85
104.8759	187.3419	0.7376	1.9000000000000001
-109.4	146.6968	1.7135	1.9500000000000002
69.0345	150.4581	0.7761	2.0
412.8897	356.4968	0.5599	2.05
13.0552	368.0	0.9791	2.1
192.3724	380.5097	0.7579	2.15
-62.4966	441.2903	1.0914	2.1999999999999997
206.3931	391.7677	0.7498	2.25
256.4276	315.4129	0.6532	2.3
351.2966	300.7226	0.5575	2.35
285.3724	387.2581	0.6769	2.4
260.731	464.3806	0.737	2.45
96.9724	358.2258	0.8569	2.5
253.5241	447.2774	0.735	2.55
211.1724	308.8129	0.6942	2.6
-18.5862	229.1226	1.0507	2.65
382.6828	434.3613	0.633	2.7
52.7034	312.1419	0.9066	2.75
204.8897	378.0452	0.7441	2.8
1.6966	226.6	0.9955	2.85
41.5241	343.2258	0.9316	2.9
98.2966	326.8581	0.8431	2.95
-8.3448	416.4258	1.0121	3.0
65.9103	418.2065	0.9123	3.05
23.0345	88.2194	0.8614	3.1
36.5517	299.4774	0.931	3.15
235.3103	36.4645	0.0839	3.2
464.6897	26.9097	-0.0754	3.25
588.0414	32.1871	-0.0816	3.3
539.9862	36.6	-0.0567	3.35
685.9862	-64.4387	-0.4776	3.4
330.1655	-29.5097	-0.4612	3.45
530.2207	14.271	-0.1387	3.5
664.8483	46.7613	-0.052	3.55
812.069	37.271	-0.0991	3.6
471.1931	76.2774	0.0935	3.65
493.9379	186.929	0.317	3.7
741.469	19.4065	-0.1403	3.75
705.2345	91.5806	0.0474	3.8
719.0828	122.9677	0.1058	3.85
983.5448	101.4387	0.0052	3.9
468.131	-39.2839	-0.442	3.95
258.3241	36.0129	0.0616	4.0
475.6621	-90.0968	-0.9318	4.05
1131.5241	181.8516	0.0919	4.1
116.7724	-38.2258	-2.4753	4.15
131.3724	-44.0129	-2.6369	4.2
758.9241	44.9871	-0.0728	4.25
551.3172	76.3742	0.0603	4.3
395.6759	-9.4387	-0.2601	4.35
259.531	17.7484	-0.0556	4.4
190.8276	122.6774	0.475	4.45
336.4966	99.0968	0.2448	4.5
892.3655	-25.7355	-0.2735	4.55
423.0483	110.8258	0.2126	4.6
827.4966	122.3097	0.0738	4.65
91.6897	80.9161	0.566	4.7
375.9655	-25.7355	-0.3903	4.75
553.9724	49.6581	-0.0176	4.8
599.9862	32.7226	-0.082	4.8500000000000005
786.5448	45.1032	-0.0765	4.9
664.3172	-39.5613	-0.3622	4.95
270.7517	29.1226	0.0124	5.0
270.7172	80.9419	0.2491	5.05
123.2828	-155.1871	1.7907	5.1000000000000005
102.4897	76.6323	0.5191	5.15
-61.9034	-24.0258	0.3244	5.2
171.3034	154.5097	0.572	5.25
165.4759	12.7742	-0.0395	5.3
241.0483	12.7097	-0.0855	5.3500000000000005
636.3655	15.5742	-0.144	5.4
542.6552	87.4903	0.0926	5.45
755.1103	69.1097	-0.0143	5.5
907.9655	-17.0323	-0.2468	5.55
645.9517	42.3032	-0.061	5.6000000000000005
742.7103	143.1484	0.1339	5.65
745.8897	48.5355	-0.0618	5.7
896.2069	290.4	0.2719	5.75
790.0	78.8065	-0.0004	5.8
664.931	50.6323	-0.0414	5.8500000000000005
1240.1448	218.3613	0.1125	5.9
591.9793	10.4452	-0.1591	5.95
675.8897	158.4194	0.183	6.0
328.1655	48.0452	0.0718	6.05
571.4483	57.5613	0.0012	6.1000000000000005
337.7655	-18.3935	-0.3467	6.15
902.469	159.0452	0.1127	6.2
831.2	105.2	0.0424	6.25
639.3517	77.8387	0.035	6.3
252.9655	138.9484	0.4282	6.3500000000000005
360.2138	164.0	0.3719	6.4
788.2759	102.071	0.0468	6.45
867.3241	90.0903	0.0064	6.5
767.5724	164.3742	0.1598	6.55
1023.9103	113.8129	0.0183	6.6000000000000005
715.1034	44.4581	-0.0673	6.65
433.9793	-49.7097	-0.5566	6.7
812.7241	5.4	-0.1843	6.75
852.8483	68.9548	-0.033	6.8
516.2	117.1097	0.1745	6.8500000000000005
673.4897	81.2452	0.0332	6.9
673.4828	90.6323	0.0545	6.95
713.5931	118.0258	0.0983	7.0
743.0414	22.6065	-0.1312	7.05
815.531	118.9613	0.071	7.1000000000000005
622.1586	7.0452	-0.1734	7.15
733.2966	76.7226	0.0077	7.2
715.6966	54.1742	-0.0422	7.25
1001.269	124.6387	0.0392	7.3
493.7655	157.5097	0.2674	7.3500000000000005
564.7379	72.4387	0.045	7.4
648.1931	129.4258	0.1425	7.45
747.6828	138.6258	0.1246	7.5
763.7724	157.0903	0.1498	7.55
816.6207	274.7548	0.2827	7.6000000000000005
854.4759	195.1613	0.1763	7.65
780.8207	74.6516	-0.0074	7.7
625.0345	34.8903	-0.0795	7.75
778.8966	178.2645	0.1768	7.8
717.3034	-90.7871	-0.6067	7.8500000000000005
585.1034	177.4839	0.2531	7.9
1069.7172	-65.5806	-0.3677	7.95
519.5448	133.1548	0.2067	8.0
942.5448	-19.4	-0.2515	8.05
367.2069	-16.1935	-0.3161	8.100000000000001
1015.7517	-6.4194	-0.2154	8.15
192.7931	-40.7677	-1.0794	8.200000000000001
417.0552	-39.6258	-0.4815	8.250000000000002
475.5103	90.3226	0.1304	8.3
669.9448	14.4194	-0.1505	8.350000000000001
727.9034	78.4774	0.0129	8.4
489.131	24.2387	-0.0918	8.450000000000001
621.2414	40.9548	-0.0602	8.500000000000002
684.6966	37.4452	-0.0817	8.55
816.0345	36.2323	-0.1021	8.600000000000001
452.4759	135.7742	0.2501	8.65
528.7241	46.6774	-0.0199	8.700000000000001
650.2552	61.929	-0.008	8.750000000000002
269.4552	126.8903	0.382	8.8
339.9517	28.8387	-0.0259	8.850000000000001
227.4	3.7677	-0.1615	8.9
327.6	89.3935	0.2237	8.950000000000001
-37.9862	118.0065	1.2302	9.000000000000002
67.5862	8.9871	0.0521	9.05
2.4759	-50.9548	1.0299	9.100000000000001
47.4897	-11.4258	-1.313	9.15
-50.6069	74.7677	1.6139	9.200000000000001
-153.0897	85.5097	11.246	9.250000000000002
208.7793	45.9355	0.1667	9.3
-351.3931	2.9935	-0.2208	9.350000000000001
-16.2345	-127.9355	0.9284	9.4
130.4759	78.2452	0.4544	9.450000000000001
223.6	-17.7161	-0.426	9.500000000000002
390.1103	64.5226	0.0983	9.55
183.0207	-11.271	-0.3686	9.600000000000001
-30.5241	-45.7613	0.6999	9.650000000000002
9.9724	63.2839	0.9124	9.700000000000001
11.1655	-30.1355	1.2729	9.750000000000002
108.0759	-46.8774	-8.056	9.8
259.6138	15.0129	-0.0756	9.850000000000001
41.0897	9.2839	0.1735	9.900000000000002
-29.0621	91.6774	1.226	9.950000000000001
106.7448	73.7419	0.4961	10.000000000000002
33.5862	48.9871	0.6937	10.05
22.3655	-105.5548	1.1422	10.100000000000001
287.6	87.6968	0.2546	10.150000000000002
90.8621	120.5677	0.6716	10.200000000000001
77.6966	-2.9226	-0.2976	10.250000000000002
334.6552	15.1677	-0.1003	10.3
468.7103	-6.5484	-0.2345	10.350000000000001
-56.7586	21.7097	-4.106	10.400000000000002
-252.4207	-55.8516	0.1681	10.450000000000001
-174.469	-94.0516	0.4226	10.500000000000002
-213.4414	-4.0839	-0.1558	10.55
-121.2207	47.9484	-4.7442	10.600000000000001
-88.0276	40.0065	-12.1799	10.650000000000002
-53.5517	31.6968	7.5295	10.700000000000001
9.4138	0.2516	-0.1391	10.750000000000002
8.5655	-76.2839	1.0714	10.8
98.7517	-28.8065	-1.8805	10.850000000000001
185.6828	32.5806	0.1117	10.900000000000002
-42.6138	-83.5742	0.7562	10.950000000000001
93.2897	30.729	0.2766	11.000000000000002
239.8828	22.0774	-0.0135	11.05
-53.1103	20.9677	-4.7032	11.100000000000001
150.5724	17.4323	0.0256	11.150000000000002
-17.9448	7.1613	-4.9449	11.200000000000001
-139.0483	76.6516	12.7053	11.250000000000002
-31.0345	24.9484	2.9744	11.3
-145.0138	-7.1097	-0.0928	11.350000000000001
-240.1241	31.2903	-0.623	11.400000000000002
207.5655	-0.5419	-0.2063	11.450000000000001
69.4621	46.6129	0.4876	11.500000000000002
-57.8207	-43.8774	0.5234	11.55
-139.6966	0.2968	-0.2051	11.600000000000001
-195.8828	0.1871	-0.2023	11.650000000000002
-47.4069	2.0387	-0.3129	11.700000000000001
-70.0207	-51.0645	0.5119	11.750000000000002
-155.1034	68.7355	-9.5558	11.8
-308.0345	113.9677	-3.6148	11.850000000000001
-42.0069	55.5613	1.7293	11.900000000000002
180.0207	-6.071	-0.2868	11.950000000000001
212.9586	118.9548	0.4332	12.000000000000002
145.2966	87.1032	0.4543	12.05
233.6207	-65.6194	-1.7382	12.100000000000001
-59.2	0.4516	-0.2186	12.150000000000002
180.9241	-103.7226	9.1863	12.200000000000001
261.3586	-4.3419	-0.2412	12.250000000000002
7.1793	-83.3548	1.054	12.3
278.1448	17.5935	-0.0652	12.350000000000001
192.5793	124.1871	0.4759	12.400000000000002
121.0276	14.8774	0.0368	12.450000000000001
-102.9862	-4.0129	-0.1132	12.500000000000002
239.9379	-80.2645	-2.6259	12.55
-55.0276	-26.3032	0.3865	12.600000000000001
83.0966	-80.2452	2.2884	12.650000000000002
170.9862	-54.7032	-2.332	12.700000000000001
119.2621	70.0452	0.4482	12.750000000000002
347.4966	95.6645	0.2261	12.8
-22.2276	86.8258	1.1761	12.850000000000001
284.8759	-40.5161	-0.677	12.900000000000002
-138.9241	94.1742	4.373	12.950000000000001
8.8	-24.6129	1.2612	13.000000000000002
167.269	-26.2129	-0.7478	13.05
-172.931	-58.1742	0.2826	13.100000000000001
96.7379	99.2581	0.6068	13.150000000000002
86.2483	37.9161	0.3614	13.200000000000001
274.6828	52.7355	0.1329	13.250000000000002
181.9793	-8.3161	-0.3207	13.3
19.3448	-96.0387	1.1344	13.350000000000001
7.669	-55.0258	1.0899	13.400000000000002
223.6276	-40.471	-0.8807	13.450000000000001
127.2	-81.4839	5.2675	13.500000000000002
259.931	78.6194	0.2523	13.55
216.0207	-83.4323	-4.2735	13.600000000000001
115.2897	-46.4968	-5.205	13.650000000000002
-156.9034	-89.9935	0.4411	13.700000000000001
52.1034	7.0	0.0541	13.750000000000002
327.0	63.8194	0.1369	13.8
131.8138	-83.8065	5.4184	13.850000000000001
81.8345	-0.3419	-0.2101	13.900000000000002
97.6759	28.1355	0.2386	13.950000000000001
82.6069	0.2903	-0.1916	14.000000000000002
96.2345	-52.7548	13.4506	14.05
253.3034	28.7806	0.0222	14.100000000000001
161.6897	-135.4839	2.7755	14.150000000000002
272.7862	-57.6323	-1.0781	14.200000000000001
-8.2414	-29.4968	0.8529	14.250000000000002
251.2414	-46.2323	-0.8988	14.3
482.8414	159.3806	0.2772	14.350000000000001
194.3103	67.9806	0.294	14.400000000000002
55.2552	31.6194	0.4404	14.450000000000001
158.069	44.871	0.2346	14.500000000000002
-219.9931	-33.5742	0.0806	14.55
-132.7655	-27.6452	0.1528	14.600000000000001
-121.5448	40.7097	-2.6349	14.650000000000002
35.8897	164.0258	0.8817	14.700000000000001
-50.6759	27.5806	14.5575	14.750000000000002
100.7241	-11.5548	-0.5573	14.8
185.8966	-24.0065	-0.6179	14.850000000000001
386.0138	6.6	-0.1603	14.900000000000002
64.9103	56.9097	0.5642	14.950000000000001
-38.7862	21.271	13.3927	15.000000000000002
-112.8069	-99.3226	0.5654	15.05
63.6828	-63.3484	2.2127	15.100000000000001
23.2483	-16.7613	3.7153	15.150000000000002
-200.2897	102.8774	44.978	15.200000000000001
-267.6	-2.329	-0.1795	15.250000000000002
378.5586	161.8581	0.3531	15.3
-9.1241	17.3097	1.4295	15.350000000000001
-139.6069	84.329	6.7667	15.400000000000002
-30.6276	52.3097	1.4967	15.450000000000001
-327.6483	23.8065	-0.404	15.500000000000002
255.0621	-112.6839	-9.3075	15.55
-3.6552	-49.2065	0.957	15.600000000000001
-123.0	24.3226	-0.9851	15.650000000000002
-113.9862	151.9806	1.72	15.700000000000001
125.869	31.3613	0.1991	15.750000000000002
100.5931	49.1742	0.3932	15.8
190.3517	87.4258	0.3745	15.850000000000001
283.6483	56.329	0.1411	15.900000000000002
-162.1586	11.8516	-0.4054	15.950000000000001
290.3862	-43.1742	-0.7078	16.0
-114.0207	25.4774	-1.1696	16.05
241.1241	15.2968	-0.0649	16.1
206.5034	-144.5097	4.0031	16.150000000000002
23.5586	118.271	0.8913	16.200000000000003
22.4069	-17.929	2.999	16.25
-171.4759	-2.1548	-0.1706	16.3
168.331	-2.8645	-0.2423	16.35
-41.869	96.7161	1.3315	16.400000000000002
-182.6138	-90.9806	0.3989	16.450000000000003
1.4276	79.0645	0.9893	16.5
142.7379	145.2968	0.6047	16.55
123.5724	12.9419	0.0078	16.6
129.6276	124.1097	0.5883	16.650000000000002
-0.2552	-17.6065	0.9914	16.700000000000003
-191.0552	37.4194	-0.9728	16.75
-53.6138	7.5484	-0.6703	16.8
157.3931	96.8387	0.462	16.85
378.0828	8.0194	-0.1512	16.900000000000002
62.5655	-0.6968	-0.2273	16.950000000000003
72.4276	67.2581	0.58	17.0
396.931	-56.8645	-0.6819	17.05
115.9103	89.5032	0.5284	17.1
283.9724	-46.1355	-0.7776	17.150000000000002
182.3931	-54.8129	-2.0078	17.200000000000003
-39.8276	85.0774	1.3667	17.25
80.5448	-32.3484	-5.0988	17.3
217.2345	1.2645	-0.1862	17.35
149.1655	23.1355	0.0841	17.400000000000002
121.1862	73.4581	0.4576	17.450000000000003
16.4897	130.5677	0.9287	17.5
69.8	29.0452	0.3451	17.55
23.7793	-42.7484	1.4624	17.6
288.0621	-77.929	-1.6147	17.650000000000002
53.4138	-50.7097	2.3352	17.700000000000003
-69.9517	-32.7935	0.3807	17.75
27.1517	60.3806	0.7797	17.8
343.6621	49.8	0.0696	17.85
-122.731	154.3355	1.7921	17.900000000000002
-258.5793	85.0839	-2.5097	17.950000000000003
17.0552	-36.4774	1.3661	18.0
173.2207	12.6516	-0.0471	18.05
2.9724	22.7032	0.9263	18.1
82.4966	60.5419	0.5137	18.150000000000002
-219.0621	-64.3161	0.2439	18.200000000000003
107.8897	-37.8839	-3.0305	18.25
-31.331	66.9871	1.3663	18.3
-140.7103	-75.1419	0.4197	18.35
336.5862	32.2839	-0.0069	18.400000000000002
51.731	68.1935	0.67	18.450000000000003
120.8276	-36.4903	-2.0304	18.5
130.0	32.7419	0.202	18.55
128.2483	66.7097	0.4119	18.6
114.6	47.3097	0.3427	18.650000000000002
-122.3379	-65.7871	0.4218	18.700000000000003
-63.331	89.4323	1.6578	18.75
38.7379	37.8645	0.5939	18.8
-79.9862	-30.9226	0.3233	18.85
-59.9034	-50.5677	0.5536	18.900000000000002
-43.8	29.5484	4.436	18.950000000000003
66.131	5.4323	-0.0307	19.0
145.1655	15.1613	0.0073	19.05
209.9931	-38.8258	-0.9041	19.1
-102.8276	-42.3161	0.3418	19.150000000000002
95.8828	-36.4839	-4.0211	19.200000000000003
-199.931	-81.8774	0.3403	19.250000000000004
153.5103	32.8129	0.1594	19.3
-235.3448	37.8839	-0.7698	19.35
-49.6276	18.5677	-3.7673	19.400000000000002
65.3931	31.5226	0.389	19.450000000000003
7.4966	36.4387	0.8881	19.500000000000004
-120.7793	-39.0581	0.2713	19.55
186.3172	-2.8065	-0.2373	19.6
343.0621	93.9677	0.2247	19.650000000000002
96.4897	57.4323	0.4522	19.700000000000003
-125.2966	-13.2774	0.0098	19.750000000000004
-84.7931	93.8129	1.9895	19.8
-141.731	60.5161	-7.2168	19.85
56.7586	5.1032	-0.0171	19.900000000000002
-137.2552	110.7871	2.9534	19.950000000000003
-22.9172	23.9935	2.097	20.000000000000004
29.9379	30.9484	0.6088	20.05
-7.6345	88.8774	1.0539	20.1
42.0207	55.2323	0.6693	20.150000000000002
257.931	26.0194	0.0015	20.200000000000003
-65.4276	-3.2065	-0.0929	20.250000000000004
101.7103	-31.9032	-2.22	20.3
-14.131	-68.7935	0.8882	20.35
-21.1793	31.3226	1.6129	20.400000000000002
6.2552	-81.6	1.0478	20.450000000000003
-48.3517	18.0387	-3.7271	20.500000000000004
101.9931	55.2323	0.4239	20.55
78.8207	29.6452	0.3152	20.6
51.5724	-6.7871	-0.6287	20.650000000000002
-114.4138	77.4645	4.3888	20.700000000000003
-19.8069	10.9613	12.2343	20.750000000000004
-82.6207	-96.5355	0.6404	20.8
-63.6345	-48.4645	0.5244	20.85
-57.0276	-30.4968	0.4202	20.900000000000002
177.131	16.3355	-0.0131	20.950000000000003
180.6828	58.2516	0.2704	21.000000000000004
-111.731	-52.9548	0.384	21.05
348.1379	-1.4968	-0.2104	21.1
31.2828	-46.9226	1.6	21.150000000000002
22.3862	-91.7742	1.1667	21.200000000000003
280.1655	-13.6774	-0.3298	21.250000000000004
-178.7655	-44.8774	0.2011	21.3
98.8483	69.7742	0.5024	21.35
77.4345	-23.4452	-2.0422	21.400000000000002
206.5517	-5.6516	-0.2695	21.450000000000003
214.1103	100.5097	0.3811	21.500000000000004
46.6207	133.8903	0.8221	21.55
51.3241	-46.1226	2.5051	21.6
90.2138	17.5097	0.1356	21.650000000000002
-145.3379	-9.7806	-0.0576	21.700000000000003
240.4966	73.9742	0.257	21.750000000000004
41.5793	141.1161	0.8459	21.8
197.4552	-26.871	-0.6487	21.85
-27.931	3.0129	-0.5301	21.900000000000002
68.4897	25.1742	0.3084	21.950000000000003
35.3862	66.471	0.7477	22.000000000000004
-40.3448	119.6258	1.2434	22.05
59.1793	-36.4968	6.1407	22.1
-178.331	82.6839	-15.5079	22.150000000000002
-34.2207	2.9226	-0.4472	22.200000000000003
-217.0138	-15.4903	-0.0501	22.250000000000004
-83.669	-30.3871	0.3049	22.3
171.0759	-78.1032	-12.8063	22.35
142.3931	-43.2839	-2.0608	22.400000000000002
-163.6759	44.0968	-1.6021	22.450000000000003
106.6345	-1.871	-0.2436	22.500000000000004
133.3103	9.5742	-0.0493	22.55
33.669	-122.9742	1.1903	22.6
395.0138	22.1226	-0.0791	22.650000000000002
147.0414	17.8323	0.0342	22.700000000000003
-41.5103	45.3806	2.0114	22.750000000000004
141.9448	-96.1032	4.3889	22.8
194.2966	-70.8129	-3.4267	22.85
-10.6828	31.3355	1.2466	22.900000000000002
-106.9241	4.2839	-0.3045	22.950000000000003
112.0069	-87.4774	3.1352	23.000000000000004
-93.6966	-19.5419	0.1532	23.05
34.9379	31.129	0.5686	23.1
-28.7172	78.0194	1.2707	23.150000000000002
65.7724	-54.8774	2.7945	23.200000000000003
121.731	-27.3097	-1.1766	23.250000000000004
122.4966	-73.3742	7.0612	23.3
170.7862	103.4839	0.4575	23.35
171.0828	-59.7355	-2.9778	23.400000000000002
-12.5379	-26.1806	0.7682	23.450000000000003
109.8	-27.6645	-1.4189	23.500000000000004
-54.6414	-19.0258	0.2926	23.55
26.8759	-50.3097	1.4373	23.6
-148.5379	-125.9677	0.5549	23.650000000000002
130.8897	87.6516	0.487	23.700000000000003
80.1103	-46.5806	8.3659	23.750000000000004
-98.2897	35.5032	-3.3231	23.8
-37.9724	-43.8387	0.6374	23.85
-238.2621	-24.9032	0.0075	23.900000000000002
-55.9793	111.1806	1.4037	23.950000000000003
-256.8345	177.2774	4.1539	24.000000000000004
-3.4483	19.3097	1.1177	24.05
-68.8069	33.8194	-69.6807	24.1
-122.1931	23.071	-0.9281	24.150000000000002
-24.0897	-51.7806	0.7735	24.200000000000003
-125.469	2.129	-0.2422	24.250000000000004
-103.1034	-55.3548	0.4213	24.3
-76.0414	-102.2194	0.6747	24.35
88.0552	50.3226	0.44	24.400000000000002
220.3241	2.8194	-0.1701	24.450000000000003
50.2966	-65.1871	1.7537	24.500000000000004
29.3862	-43.7097	1.6076	24.55
-36.3793	-74.9484	0.7656	24.6
-8.8759	-35.0129	0.865	24.650000000000002
7.6345	-50.4	1.0983	24.700000000000003
60.7448	11.5935	0.1315	24.750000000000004
-30.4	-85.0968	0.8181	24.8
-84.1862	-7.6065	-0.0163	24.85
-128.3793	-5.8968	-0.099	24.900000000000002
-75.2276	50.4774	4.5089	24.950000000000003
123.6966	55.0129	0.3649	25.000000000000004
137.9724	7.2452	-0.0859	25.05
478.2759	63.4645	0.0517	25.1
301.3241	27.2323	-0.0163	25.150000000000002
136.1379	-0.9613	-0.2172	25.200000000000003
279.1586	-28.0	-0.5011	25.250000000000004
46.8552	9.9548	0.1578	25.3
-45.1448	53.8065	1.8672	25.35
5.0552	66.8645	0.9563	25.400000000000002
-219.3103	-103.5806	0.3829	25.450000000000003
59.0	-20.3226	-2.8573	25.500000000000004
186.6621	-18.8968	-0.5046	25.55
-47.6138	-72.8516	0.7044	25.6
154.8207	92.3032	0.4527	25.650000000000002
-37.9103	73.8968	1.414	25.700000000000003
-22.2897	55.529	1.3013	25.750000000000004
195.9517	95.0	0.3907	25.8
224.6345	-55.6323	-1.3777	25.85
-104.9655	-86.3097	0.5462	25.900000000000002
199.8966	35.8065	0.1165	25.950000000000003
0.6621	14.0581	0.9724	26.000000000000004
-206.4621	-36.0581	0.1106	26.05
136.1724	-40.9226	-2.0078	26.1
144.3724	-121.5161	2.756	26.150000000000002
219.6759	-3.6581	-0.2413	26.200000000000003
164.8828	-118.0968	3.7746	26.250000000000004
126.3586	-18.1613	-0.6841	26.3
-61.0621	-131.4968	0.7739	26.35
67.6207	-51.8774	3.2457	26.400000000000002
0.3103	20.129	0.9908	26.450000000000003
-31.469	-22.6516	0.5081	26.500000000000004
41.269	-48.5548	1.8869	26.55
-116.2966	-36.0903	0.2596	26.6
-58.2483	59.8645	2.1369	26.650000000000002
-27.1655	9.5548	-3.0466	26.700000000000003
114.2414	-24.3032	-1.0887	26.750000000000004
23.2	10.0	0.3556	26.8
-82.8345	142.7419	1.4905	26.85
30.8828	10.4	0.2829	26.900000000000002
288.3931	-54.6516	-0.9324	26.950000000000003
20.8345	-1.0839	-0.3394	27.000000000000004
203.2276	89.0258	0.3604	27.05
107.2552	-15.1742	-0.6735	27.1
-0.0069	9.3742	1.0004	27.150000000000002
26.4	-20.3677	3.2099	27.200000000000003
109.4138	9.1419	-0.0282	27.250000000000004
25.4483	63.8129	0.8005	27.3
-55.6759	-83.5419	0.7001	27.35
201.6552	-14.3806	-0.3996	27.400000000000002
-34.9172	81.0452	1.3295	27.450000000000003
162.4897	35.9226	0.1679	27.500000000000004
38.2276	27.271	0.5055	27.55
13.6897	54.0774	0.8652	27.6
-15.4069	-19.2645	0.6572	27.650000000000002
139.2414	29.6452	0.1584	27.700000000000003
-162.731	100.7871	6.0273	27.750000000000004
245.0897	-45.2903	-0.9035	27.8
221.8483	-24.6645	-0.5431	27.85
-112.6207	63.8645	9.945	27.900000000000002
68.2069	72.7355	0.617	27.950000000000003
-280.3724	4.0065	-0.2353	28.000000000000004
-103.9379	122.329	1.8863	28.05
-126.269	-35.6065	0.2327	28.1
209.2138	-3.0452	-0.236	28.150000000000002
184.8138	-81.8581	-9.5119	28.200000000000003
133.0897	-49.2	-3.6039	28.250000000000004
90.3724	-25.7097	-1.784	28.3
-164.7517	-65.0452	0.3295	28.35
-40.3379	-139.8645	0.8488	28.400000000000002
-146.0276	2.9161	-0.2499	28.450000000000003
33.4207	50.4839	0.7016	28.500000000000004
92.8483	-43.7161	-19.5719	28.55
57.0552	73.7226	0.6652	28.6
103.7172	67.5613	0.4789	28.650000000000002
-3.9172	21.5161	1.1202	28.700000000000003
90.7517	-20.9935	-1.2332	28.750000000000004
-16.1586	-4.3032	0.217	28.8
-122.8828	12.7484	-0.5142	28.85
89.069	-96.1484	2.0354	28.900000000000002
-92.3793	-7.3355	-0.0355	28.950000000000003
25.869	-32.0968	1.81	29.000000000000004
176.0759	-4.6903	-0.2675	29.05
-108.7517	-9.4452	-0.0224	29.1
486.5793	77.8645	0.0909	29.150000000000002
138.2	42.7613	0.2587	29.200000000000003
97.331	118.6194	0.6509	29.250000000000004
-260.6138	121.7419	-17.2567	29.3
84.0483	-50.2839	7.1054	29.35
81.0138	34.1806	0.3492	29.400000000000002
-97.4207	-64.5484	0.4839	29.450000000000003
46.131	9.1484	0.1408	29.500000000000004
54.8414	10.6065	0.1347	29.55
129.7655	-20.8774	-0.7693	29.6
-64.9379	69.1677	2.0617	29.650000000000002
-65.5172	-32.0258	0.3932	29.700000000000003
-0.4	21.4581	1.0113	29.750000000000004
-3.8	37.7355	1.0636	29.8
-77.1931	-14.9484	0.135	29.85
-119.8828	72.6452	6.6621	29.900000000000002
-36.7103	67.3032	1.45	29.950000000000003
8.7793	25.9871	0.8266	30.000000000000004
369.9517	41.4581	0.0197	30.05
114.7379	198.6387	0.7311	30.1
268.1379	-133.8903	-899.5828	30.150000000000002
63.7586	76.3226	0.6464	30.200000000000003
-30.4345	11.8323	-4.3946	30.250000000000004
155.8414	-65.8387	-6.7392	30.3
-68.1931	-66.0839	0.5916	30.35
-142.5724	42.929	-2.0166	30.400000000000002
213.4276	-32.0903	-0.716	30.450000000000003
122.0207	-34.6258	-1.7748	30.500000000000004
197.0345	-83.5355	-6.891	30.55
-4.7103	-64.3871	0.9577	30.6
114.9379	-10.7226	-0.4753	30.650000000000002
-44.6345	41.2581	2.4139	30.700000000000003
50.1379	97.271	0.7541	30.750000000000004
47.1793	-23.8645	103.9887	30.8
-89.6414	57.1806	5.3515	30.85
158.5241	-12.3032	-0.4205	30.900000000000002
222.8552	14.2258	-0.0641	30.950000000000003
239.269	-79.4387	-2.5716	31.000000000000004
225.1172	-105.4516	-18.0052	31.05
291.8414	90.9806	0.2609	31.1
130.4966	-1.6323	-0.2308	31.150000000000002
111.0414	21.2387	0.132	31.200000000000003
97.0414	12.1677	0.0406	31.250000000000004
-52.9793	64.4258	1.8379	31.3
60.9793	-73.1677	1.8573	31.35
-175.6345	72.7355	-5.9873	31.400000000000002
136.3379	138.0645	0.6033	31.450000000000003
-46.2897	-7.2645	0.0867	31.500000000000004
-42.1241	-16.1806	0.3214	31.55
-72.1034	15.2258	-1.0773	31.6
-93.1241	11.4258	-0.5902	31.650000000000002
125.4276	-32.871	-1.5218	31.700000000000003
25.8207	89.2387	0.8483	31.750000000000004
182.6	-31.7097	-0.8386	31.8
172.269	15.7806	-0.0142	31.85
-87.0966	-53.5677	0.4619	31.900000000000002
157.2552	75.2968	0.387	31.950000000000003
-76.269	12.0	-0.751	32.0
33.5517	-78.7871	1.3246	32.05
127.9724	-14.5871	-0.5543	32.1
62.2276	54.7226	0.565	32.15
-15.6207	-121.8774	0.9277	32.199999999999996
2.1379	-45.3161	1.029	32.25
257.6966	-60.2194	-1.253	32.3
-162.2069	24.3548	-0.715	32.35
465.9793	-23.4323	-0.3342	32.4
-18.6345	2.8581	-0.731	32.449999999999996
-19.0345	33.8258	1.4698	32.5
-28.2828	-39.8903	0.6859	32.55
-40.0621	40.0323	2.2018	32.6
339.531	3.6581	-0.1747	32.65
-96.469	-101.329	0.613	32.699999999999996
-93.5655	-11.6258	0.0389	32.75
-263.0828	-14.8968	-0.0779	32.8
-39.4552	-31.0452	0.5337	32.85
27.2897	-25.6	2.3696	32.9
-42.531	38.329	2.4955	32.949999999999996
57.8207	25.7548	0.3654	33.0
-1.3586	-7.1935	0.8965	33.05
-37.2276	-12.4839	0.2817	33.1
-49.2759	6.4	-0.6211	33.15
-199.2345	4.8129	-0.2609	33.199999999999996
-86.7586	32.1032	-3.6164	33.25
-191.8276	23.0581	-0.5798	33.3
-152.1241	-5.9355	-0.1131	33.35
2.4	15.7419	0.915	33.4
1.2138	118.0645	0.9939	33.449999999999996
34.2966	77.271	0.7821	33.5
-1.0414	-47.4258	0.987	33.55
-92.6828	-16.2645	0.1118	33.6
50.469	-3.6516	-0.403	33.65
37.7586	33.4	0.5667	33.699999999999996
-144.0897	75.7355	24.425	33.75
-6.069	73.5032	1.0517	33.8
-45.269	99.2774	1.3544	33.85
169.4759	32.0129	0.129	33.9
65.4897	-21.6258	-2.5339	33.949999999999996
61.731	36.3806	0.4492	34.0
8.9793	-52.6258	1.1119	34.05
-64.2207	-44.8452	0.4993	34.1
-23.3034	-19.729	0.5544	34.15
-73.869	-8.0065	0.0138	34.199999999999996
-173.6897	-39.1032	0.1726	34.25
99.5586	-13.471	-0.6452	34.3
-53.7724	34.2	5.4113	34.35
-85.1586	2.2516	-0.267	34.4
166.0897	71.5548	0.3554	34.449999999999996
-68.0	13.1548	-0.9573	34.5
-66.5448	107.8	1.5357	34.55
-145.2207	11.6516	-0.4294	34.6
-38.3586	-151.1548	0.8649	34.65
-140.469	-31.7161	0.1733	34.699999999999996
-68.7862	-105.7742	0.7056	34.75
-35.1172	-71.4516	0.7633	34.8
-70.8828	-42.4	0.4536	34.85
-98.3448	-108.1742	0.625	34.9
212.2276	19.3806	-0.0147	34.949999999999996
135.3448	7.3355	-0.0826	35.0
-120.5241	41.1677	-2.7872	35.05
-52.7379	87.4194	1.5183	35.1
158.9448	-10.2968	-0.3786	35.15
132.0207	55.5613	0.3484	35.199999999999996
-57.5931	-24.7742	0.3549	35.25
-1.3586	107.0194	1.0077	35.3
54.2552	-12.5806	-1.2378	35.35
28.0828	3.9935	0.0657	35.4
-68.8138	-2.1419	-0.1297	35.449999999999996
41.2	-18.8452	-13.0868	35.5
-50.7241	59.5419	1.8904	35.55
236.2138	86.2839	0.3066	35.6
249.0897	87.2129	0.2942	35.65
-99.2	116.6903	1.8872	35.699999999999996
-20.0	77.6903	1.1773	35.75
-22.1448	-26.2258	0.6438	35.8
-29.6483	50.4452	1.4994	35.85
108.7517	-8.5548	-0.424	35.9
20.7655	-69.4194	1.211	35.949999999999996
37.3034	-15.0129	-5.1509	36.0
-43.8138	124.0968	1.2572	36.05
198.7172	48.6903	0.1947	36.1
-17.331	80.0258	1.1457	36.15
117.469	52.4323	0.366	36.199999999999996
97.9862	-9.6	-0.4924	36.25
43.5103	49.6323	0.6343	36.3
-72.8207	-0.4903	-0.1841	36.35
159.9241	-9.7419	-0.3665	36.4
151.5862	111.871	0.5153	36.449999999999996
32.8069	42.3161	0.6648	36.5
140.4207	-60.2323	-7.4437	36.55
7.2621	72.2065	0.9425	36.6
16.5793	105.5419	0.9126	36.65
-49.5862	52.1548	2.0873	36.699999999999996
63.6621	-61.8645	2.2718	36.75
284.8621	41.9226	0.0729	36.8
65.8552	25.271	0.3211	36.85
-161.1517	-12.3226	-0.0408	36.9
245.4	60.7613	0.1974	36.949999999999996
265.0	84.9161	0.2687	37.0
-141.8897	9.8194	-0.3928	37.05
40.3655	76.4516	0.7494	37.1
30.4828	17.4645	0.4408	37.15
49.3241	-55.1935	1.9693	37.199999999999996
-6.9103	-21.8323	0.836	37.25
-70.1103	-0.4645	-0.1843	37.3
221.931	-67.4903	-2.0629	37.35
115.6552	-91.9032	3.0364	37.4
-71.1241	-74.3097	0.6116	37.449999999999996
-4.2276	-43.6774	0.9446	37.5
72.1793	39.4774	0.4269	37.55
-120.8	-54.4774	0.3691	37.6
-47.5241	-104.7097	0.778	37.65
-32.6552	108.4645	1.2127	37.699999999999996
91.2	-15.2323	-0.8019	37.75
-46.2966	-5.7871	0.04	37.8
-109.5034	25.1613	-1.2204	37.85
-166.0828	88.7613	18.4215	37.9
-82.069	-85.8968	0.6121	37.949999999999996
1.0759	56.1226	0.9886	38.0
-48.5034	15.4774	-2.3167	38.05
211.7379	61.3097	0.2401	38.1
40.1724	48.2839	0.6475	38.15
213.7931	75.5419	0.2969	38.199999999999996
-32.469	-14.4903	0.3659	38.25
-63.6276	8.9871	-0.6725	38.3
59.8483	85.5097	0.6889	38.35
-121.8276	2.5806	-0.2531	38.4
83.7172	50.5548	0.4565	38.45
104.331	59.1742	0.4378	38.5
162.7724	-2.3484	-0.2357	38.55
273.2345	128.4774	0.3816	38.6
-16.6345	147.1742	1.0719	38.65
139.3586	-21.3484	-0.7301	38.7
144.4621	-46.7097	-2.3963	38.75
-41.7931	25.0516	7.035	38.8
11.6207	17.8129	0.7048	38.85
130.3379	-126.471	2.2757	38.9
65.4552	37.729	0.4426	38.95
122.7793	-41.3355	-2.6734	39.0
-7.6966	92.7484	1.0519	39.05
34.4276	14.9742	0.3583	39.1
-107.7586	59.3226	12.878	39.15
37.6138	-7.7806	-1.0468	39.2
2.1655	-38.4774	1.0347	39.25
-47.9517	30.0645	5.7254	39.3
-83.6276	-15.2452	0.1206	39.35
-31.731	-101.2387	0.8374	39.4
-74.8414	28.7097	-4.1549	39.45
88.4759	-71.6903	2.9337	39.5
-29.5931	-113.1484	0.8612	39.55
-240.6138	15.2129	-0.3737	39.6
106.0552	-2.4581	-0.2583	39.65
-199.3034	-9.3419	-0.0971	39.7
-83.9103	71.3677	2.7117	39.75
13.2207	70.6516	0.8973	39.8
6.1034	99.4387	0.9643	39.85
206.5379	15.4968	-0.0434	39.9
639.7724	71.2065	0.0185	39.95
810.0828	173.1161	0.1593	40.0
