DemDexc	AemDexc	E	T
987.55	585.375	0.4509	0.05
598.4	577.5875	0.5905	0.1
114.0	419.1375	0.8563	0.15000000000000002
99.15	553.3312	0.9013	0.2
-11.8	446.5813	1.0161	0.25
131.55	358.6938	0.814	0.3
-122.65	357.3375	1.2486	0.35000000000000003
-61.3	369.9062	1.1084	0.4
199.1	457.8	0.7857	0.45
198.15	345.9125	0.7328	0.5
81.4	392.3687	0.8872	0.55
80.15	375.1438	0.8842	0.6000000000000001
-79.15	357.6625	1.1493	0.6500000000000001
-21.1	187.8125	1.0714	0.7000000000000001
68.2	390.45	0.9036	0.7500000000000001
-102.25	343.6062	1.2098	0.8
317.15	298.9438	0.5841	0.8500000000000001
3.2	234.55	0.9919	0.9000000000000001
-136.35	323.9375	1.3199	0.9500000000000001
-105.2	363.45	1.2031	1.0
-43.35	501.925	1.0542	1.05
-179.55	322.0125	1.4639	1.1
-156.75	320.1125	1.3891	1.1500000000000001
-14.8	368.6125	1.0246	1.2000000000000002
-160.9	325.9	1.3933	1.2500000000000002
-31.4	447.1313	1.0437	1.3
-325.75	428.4563	1.7359	1.35
-89.5	271.075	1.2373	1.4000000000000001
-33.25	315.0437	1.0669	1.4500000000000002
246.2	259.525	0.6139	1.5000000000000002
302.15	458.5063	0.7026	1.55
62.7	302.175	0.8872	1.6
444.25	425.8062	0.5886	1.6500000000000001
239.55	528.2188	0.7782	1.7000000000000002
-44.25	262.925	1.1103	1.7500000000000002
207.45	317.4438	0.7045	1.8
-128.7	371.0688	1.2518	1.85
-243.95	80.425	-2.5227	1.9000000000000001
839.85	-17.5125	-0.2522	1.9500000000000002
630.9	12.1875	-0.1554	2.0
750.55	96.3125	0.0451	2.05
727.1	75.9625	0.0074	2.1
728.3	147.1375	0.1453	2.15
815.65	-3.3687	-0.21	2.1999999999999997
814.45	100.15	0.0369	2.25
692.55	160.7875	0.1805	2.3
670.65	111.0188	0.0985	2.35
818.25	189.3125	0.1796	2.4
947.0	225.8875	0.1876	2.45
746.9	55.2188	-0.0454	2.5
880.05	191.7875	0.1643	2.55
835.4	156.2875	0.1267	2.6
798.45	76.225	-0.0076	2.65
736.7	85.1938	0.0254	2.7
514.35	157.9688	0.2566	2.75
419.9	94.175	0.1716	2.8
480.45	67.8313	0.0642	2.85
656.0	41.2875	-0.0658	2.9
961.4	114.8938	0.0315	2.95
785.5	139.6625	0.1148	3.0
701.25	136.9625	0.1371	3.05
646.8	50.6313	-0.0376	3.1
642.3	74.5875	0.0262	3.15
548.55	95.8188	0.1107	3.2
652.15	54.65	-0.0277	3.25
921.15	34.0875	-0.1173	3.3
747.5	39.7375	-0.0847	3.35
928.45	91.2937	-0.0028	3.4
834.1	94.5063	0.0217	3.45
758.1	126.7563	0.1007	3.5
737.75	65.7375	-0.0185	3.55
720.4	39.0375	-0.0827	3.6
507.45	205.375	0.3368	3.65
1169.5	143.7375	0.0368	3.7
115.85	137.2125	0.6438	3.75
-171.95	-12.5	-0.0477	3.8
-82.05	-26.1562	0.2672	3.85
-18.6	72.0562	1.1778	3.9
156.5	30.7875	0.1388	3.95
112.1	23.9812	0.1596	4.0
34.4	70.275	0.764	4.05
402.65	-11.9438	-0.2757	4.1
225.5	67.5562	0.2496	4.15
395.9	18.0938	-0.0995	4.2
150.9	96.5688	0.4737	4.25
20.4	39.125	0.7518	4.3
192.3	72.2188	0.3147	4.35
190.6	95.95	0.402	4.4
105.7	62.8625	0.4519	4.45
70.85	87.75	0.6549	4.5
92.7	29.9187	0.2707	4.55
430.5	15.4688	-0.1195	4.6
763.35	45.2188	-0.0729	4.65
360.25	15.2875	-0.1061	4.7
42.25	12.8	0.2528	4.75
-16.4	-70.0312	0.8742	4.8
162.8	29.3	0.1176	4.8500000000000005
174.95	9.1313	-0.0866	4.9
9.95	-32.3375	1.2182	4.95
237.65	24.8438	0.0075	5.0
104.75	-98.5063	2.3624	5.05
12.05	9.525	0.535	5.1000000000000005
-163.5	14.675	-0.4625	5.15
91.2	-123.1812	1.7053	5.2
185.5	4.5125	-0.1443	5.25
70.3	49.1375	0.4996	5.3
-176.55	-1.3562	-0.1818	5.3500000000000005
-22.75	3.5437	-0.743	5.4
67.3	25.225	0.3141	5.45
-59.05	-46.15	0.5318	5.5
-131.05	29.15	-1.1616	5.55
332.45	-26.1062	-0.4236	5.6000000000000005
51.05	90.8438	0.7368	5.65
149.35	-81.8625	13.4675	5.7
-187.4	-1.6	-0.1799	5.75
-30.25	-7.625	0.2022	5.8
189.05	99.5938	0.4157	5.8500000000000005
79.65	64.3813	0.5414	5.9
-67.35	-103.2375	0.7048	5.95
549.05	123.9375	0.1732	6.0
-162.25	-60.4688	0.3125	6.05
-196.55	-28.0	0.0661	6.1000000000000005
33.0	46.0375	0.6834	6.15
146.05	-92.7437	5.444	6.2
211.85	7.5188	-0.1205	6.25
-96.95	61.8125	5.3614	6.3
160.65	-10.8375	-0.3872	6.3500000000000005
26.7	-40.5813	1.5883	6.4
-17.35	11.825	4.3048	6.45
-96.25	54.4812	10.0855	6.5
2.2	22.2875	0.9436	6.55
136.7	61.6375	0.369	6.6000000000000005
-118.95	24.1125	-1.0182	6.65
-109.55	50.8813	-15.8809	6.7
240.15	60.075	0.2002	6.75
-9.15	96.3	1.0599	6.8
182.0	74.8562	0.3416	6.8500000000000005
342.7	141.6562	0.3431	6.9
-22.8	69.7875	1.2343	6.95
51.5	-75.0063	1.6273	7.0
36.75	13.4937	0.3081	7.05
49.9	87.275	0.7332	7.1000000000000005
69.85	62.8562	0.5714	7.15
-108.65	-65.8687	0.4576	7.2
120.3	-86.9625	3.692	7.25
-24.3	133.45	1.1202	7.3
-37.45	-44.625	0.6453	7.3500000000000005
-12.3	-7.5125	0.4598	7.4
110.35	-13.2688	-0.58	7.45
-5.3	58.1938	1.0573	7.5
158.4	34.8687	0.1668	7.55
-25.8	54.125	1.3755	7.6000000000000005
121.85	-6.85	-0.352	7.65
-157.45	-43.0625	0.2243	7.7
-185.35	-22.8188	0.0371	7.75
-100.4	21.6187	-1.1077	7.8
-212.0	-9.3125	-0.1031	7.8500000000000005
-373.25	45.5	-0.5869	7.9
-211.25	-9.9625	-0.0966	7.95
155.65	36.2312	0.1812	8.0
51.3	40.4688	0.5345	8.05
65.45	23.7937	0.3052	8.100000000000001
146.4	-2.5312	-0.243	8.15
14.5	5.6438	0.3253	8.200000000000001
43.5	-58.3	1.7141	8.250000000000002
-177.9	-10.9	-0.069	8.3
640.65	52.9875	-0.0297	8.350000000000001
75.85	21.525	0.2345	8.4
-92.5	-34.3813	0.3117	8.450000000000001
-183.7	16.1125	-0.4553	8.500000000000002
47.35	-30.0875	5.4304	8.55
-9.2	75.425	1.0779	8.600000000000001
379.65	20.9062	-0.081	8.65
-169.4	14.6875	-0.4517	8.700000000000001
9.9	14.7688	0.6988	8.750000000000002
18.3	95.2937	0.8949	8.8
191.45	54.4438	0.2351	8.850000000000001
-74.3	16.3375	-1.142	8.9
-13.3	-9.05	0.4917	8.950000000000001
-5.05	-41.8438	0.9317	9.000000000000002
-209.9	34.4062	-0.7853	9.05
-48.95	47.9375	2.2518	9.100000000000001
20.15	-10.8625	16.3524	9.15
23.1	62.5375	0.8129	9.200000000000001
-182.25	-67.8313	0.3121	9.250000000000002
-147.2	82.9	10.4968	9.3
61.05	-62.4688	2.1467	9.350000000000001
218.95	-53.1313	-1.3316	9.4
-107.35	67.425	5.6844	9.450000000000001
-331.1	76.1	-1.2209	9.500000000000002
-122.05	32.8875	-1.6026	9.55
29.0	-22.0188	3.3142	9.600000000000001
-227.65	-25.2375	0.0178	9.650000000000002
12.7	33.6938	0.8097	9.700000000000001
-128.7	19.9563	-0.7394	9.750000000000002
304.1	-9.2812	-0.278	9.8
296.1	112.1875	0.3173	9.850000000000001
204.8	-99.0125	-35.2745	9.900000000000002
56.3	22.825	0.3373	9.950000000000001
199.25	67.775	0.2858	10.000000000000002
-94.05	92.9375	2.2291	10.05
104.6	134.7688	0.6645	10.100000000000001
115.8	59.6562	0.409	10.150000000000002
-275.2	38.6062	-0.668	10.200000000000001
-61.15	-72.3938	0.6437	10.250000000000002
80.45	-13.7625	-0.8241	10.3
140.1	6.0063	-0.1052	10.350000000000001
-228.55	141.1187	6.1085	10.400000000000002
115.1	12.0938	0.0084	10.450000000000001
-209.45	24.575	-0.5679	10.500000000000002
-164.05	99.5125	6.6286	10.55
147.6	-16.6625	-0.5499	10.600000000000001
-125.15	39.9875	-2.3244	10.650000000000002
-97.1	-3.9688	-0.1093	10.700000000000001
190.45	57.2312	0.2505	10.750000000000002
-146.9	53.7812	-3.4812	10.8
113.25	-44.925	-4.8077	10.850000000000001
-28.85	-9.2188	0.2679	10.900000000000002
49.75	-19.95	-5.0609	10.950000000000001
91.65	95.6	0.6112	11.000000000000002
-14.5	69.5625	1.1396	11.05
-10.55	-52.6062	0.8906	11.100000000000001
-156.2	117.4187	3.3836	11.150000000000002
40.2	13.1062	0.2736	11.200000000000001
146.35	152.5	0.6109	11.250000000000002
284.45	37.4375	0.0501	11.3
53.85	101.3938	0.7482	11.350000000000001
257.6	8.8375	-0.1229	11.400000000000002
445.5	194.625	0.3596	11.450000000000001
668.05	154.2375	0.1791	11.500000000000002
-41.05	30.6375	3.4356	11.55
-263.1	37.0813	-0.671	11.600000000000001
-96.0	57.325	7.1769	11.650000000000002
49.7	29.8	0.4543	11.700000000000001
-6.3	-67.0688	0.9462	11.750000000000002
18.45	-81.3	1.1536	11.8
-203.6	55.4688	-1.6367	11.850000000000001
-68.8	-15.3062	0.1695	11.900000000000002
-4.1	19.2937	1.1427	11.950000000000001
-223.95	-66.8125	0.2484	12.000000000000002
-57.45	17.8938	-2.1825	12.05
65.25	-46.3813	3.846	12.100000000000001
46.05	-38.7563	2.7564	12.150000000000002
-131.65	-27.6875	0.1553	12.200000000000001
-56.35	63.8438	1.9479	12.250000000000002
7.6	-126.7125	1.0371	12.3
35.95	-6.1062	-0.8174	12.350000000000001
457.4	-12.8375	-0.2714	12.400000000000002
-37.3	38.375	2.1346	12.450000000000001
-175.85	-25.9062	0.0731	12.500000000000002
-77.0	-82.9187	0.6195	12.55
72.6	-16.4187	-1.191	12.600000000000001
51.9	-31.2437	6.8824	12.650000000000002
-49.5	118.3813	1.3172	12.700000000000001
-196.45	-3.475	-0.159	12.750000000000002
209.75	-0.8125	-0.2094	12.8
-65.15	-5.6875	-0.0216	12.850000000000001
-89.2	-26.05	0.2425	12.900000000000002
-13.15	23.2625	1.4728	12.950000000000001
-21.3	132.3188	1.105	13.000000000000002
-316.35	-68.475	0.1625	13.05
253.85	141.2312	0.432	13.100000000000001
238.05	19.3313	-0.0323	13.150000000000002
-14.5	66.8875	1.1459	13.200000000000001
103.6	-23.8	-1.22	13.250000000000002
-94.2	-16.0	0.1043	13.3
-299.2	6.7812	-0.257	13.350000000000001
378.3	133.4563	0.2964	13.400000000000002
177.15	99.6375	0.4353	13.450000000000001
48.45	69.1562	0.6887	13.500000000000002
230.0	-3.4187	-0.2368	13.55
362.85	-47.1125	-0.6209	13.600000000000001
203.3	-3.0437	-0.237	13.650000000000002
312.0	-56.2063	-0.8759	13.700000000000001
161.95	-1.1875	-0.2179	13.750000000000002
-168.9	115.4187	4.2723	13.8
83.25	-32.7875	-4.6521	13.850000000000001
33.95	83.375	0.797	13.900000000000002
115.6	45.6812	0.3297	13.950000000000001
80.25	45.5312	0.4379	14.000000000000002
-150.9	0.5125	-0.2082	14.05
-145.5	22.2063	-0.7272	14.100000000000001
30.55	17.6438	0.4432	14.150000000000002
148.8	29.8938	0.144	14.200000000000001
-35.25	10.8625	-2.1275	14.250000000000002
-7.6	-8.5625	0.6311	14.3
79.65	-6.2937	-0.4252	14.350000000000001
-19.9	-16.75	0.5528	14.400000000000002
58.2	2.2875	-0.1125	14.450000000000001
23.75	-26.9	1.9484	14.500000000000002
63.25	19.3438	0.2554	14.55
-51.4	45.5875	2.5507	14.600000000000001
54.3	-35.925	4.7128	14.650000000000002
-9.25	61.9875	1.0968	14.700000000000001
-272.0	-47.7437	0.1118	14.750000000000002
156.0	9.0	-0.0759	14.8
-3.9	50.1375	1.0486	14.850000000000001
86.3	-71.6875	2.8145	14.900000000000002
-63.75	-9.0063	0.0644	14.950000000000001
-37.15	-2.9563	-0.0352	15.000000000000002
-36.45	54.0	1.6113	15.05
53.55	7.1187	0.052	15.100000000000001
-205.3	38.0625	-0.9072	15.150000000000002
-159.85	53.4312	-2.6201	15.200000000000001
151.15	13.9	-0.0136	15.250000000000002
134.2	-5.6062	-0.3094	15.3
-13.6	58.4125	1.1581	15.350000000000001
-44.8	-52.9812	0.6434	15.400000000000002
208.2	-55.575	-1.5743	15.450000000000001
417.9	39.9125	-0.0075	15.500000000000002
190.05	57.0813	0.2503	15.55
5.45	55.7812	0.9441	15.600000000000001
-7.4	32.9125	1.152	15.650000000000002
-92.25	33.6938	-3.4525	15.700000000000001
66.7	-84.7	1.7794	15.750000000000002
-39.85	4.525	-0.5526	15.8
-25.9	-18.325	0.5031	15.850000000000001
-163.3	10.4563	-0.3762	15.900000000000002
167.6	40.5312	0.1912	15.950000000000001
-91.35	55.7375	6.447	16.0
21.65	-38.0	1.478	16.05
98.25	48.5312	0.3964	16.1
131.85	87.175	0.4833	16.150000000000002
12.85	12.5437	0.5935	16.200000000000003
77.3	12.7875	0.0983	16.25
19.85	-5.2625	-1.5544	16.3
-192.1	45.9312	-1.2997	16.35
26.8	-6.2812	-1.2588	16.400000000000002
138.7	174.2563	0.6584	16.450000000000003
-131.95	188.0562	1.6485	16.5
-87.75	-12.4875	0.0659	16.55
-119.5	-35.6625	0.2485	16.6
267.65	-18.6	-0.3937	16.650000000000002
48.35	59.2625	0.6523	16.700000000000003
-56.85	66.5125	1.8956	16.75
50.95	46.6187	0.576	16.8
-119.35	84.0562	3.9371	16.85
60.45	35.1875	0.4455	16.900000000000002
219.75	-61.4688	-1.7238	16.950000000000003
-105.6	-26.675	0.2028	17.0
-43.15	58.825	1.695	17.05
-108.9	-63.225	0.4447	17.1
-278.25	-27.9563	0.0008	17.150000000000002
-331.15	-39.725	0.0322	17.200000000000003
184.2	36.1625	0.1383	17.25
-99.2	-54.2437	0.4268	17.3
235.6	41.0312	0.11	17.35
103.5	12.5	0.0335	17.400000000000002
63.65	68.5625	0.6196	17.450000000000003
4.5	155.7188	0.9829	17.5
30.2	128.8938	0.8742	17.55
288.2	54.4	0.1289	17.6
225.45	-73.35	-2.4354	17.650000000000002
137.9	-132.3438	2.3052	17.700000000000003
-76.15	5.5562	-0.405	17.75
121.5	23.7437	0.1372	17.8
-93.2	128.2937	1.6845	17.85
16.85	-111.7625	1.0978	17.900000000000002
-67.95	-38.9312	0.4408	17.950000000000003
23.8	3.2063	0.0547	18.0
170.3	36.0312	0.1568	18.05
141.5	-20.2688	-0.6818	18.1
26.3	-43.5938	1.5183	18.150000000000002
107.9	-44.3313	-5.7306	18.200000000000003
-14.7	-43.9812	0.8282	18.25
-69.75	50.9563	3.6024	18.3
-195.35	-6.475	-0.1254	18.35
157.45	-22.5875	-0.6828	18.400000000000002
60.7	13.2625	0.1649	18.450000000000003
-16.3	57.05	1.2	18.5
247.8	-2.2688	-0.2224	18.55
-62.3	-62.7812	0.602	18.6
-252.4	6.2438	-0.2625	18.650000000000002
-15.95	44.3687	1.263	18.700000000000003
-35.7	-22.45	0.4685	18.75
90.15	19.3687	0.1607	18.8
475.45	27.3625	-0.0761	18.85
278.7	9.3438	-0.1246	18.900000000000002
116.1	18.725	0.0927	18.950000000000003
241.85	69.0562	0.2362	19.0
-0.45	-14.5063	0.9817	19.05
162.35	155.1937	0.5879	19.1
129.05	-51.3813	-4.891	19.150000000000002
-313.25	-37.7063	0.0328	19.200000000000003
-104.9	53.9937	41.7709	19.250000000000004
-267.7	76.8562	-1.8182	19.3
265.1	-51.5312	-0.9632	19.35
-199.9	26.6	-0.6352	19.400000000000002
-6.85	130.3188	1.0324	19.450000000000003
-166.3	92.4062	11.7797	19.500000000000004
-114.05	39.8687	-2.9886	19.55
-188.5	-114.05	0.457	19.6
74.1	-3.8375	-0.3387	19.650000000000002
154.55	-119.3875	3.202	19.700000000000003
103.5	1.5125	-0.1659	19.750000000000004
52.7	-16.0	-2.0551	19.8
-159.45	6.7188	-0.3104	19.85
76.75	-54.625	3.8338	19.900000000000002
-0.9	56.2188	1.0097	19.950000000000003
-100.15	-53.0875	0.4175	20.000000000000004
192.4	72.1438	0.3143	20.05
-204.25	-20.3625	-0.0005	20.1
117.3	-41.0188	-2.9918	20.150000000000002
-125.45	-29.45	0.1834	20.200000000000003
-217.4	-22.7437	0.0076	20.250000000000004
-47.35	-22.7812	0.3885	20.3
71.05	68.9187	0.5918	20.35
-169.4	20.975	-0.595	20.400000000000002
-112.7	3.1125	-0.2702	20.450000000000003
23.75	-17.0625	3.747	20.500000000000004
93.35	90.7812	0.5925	20.55
-83.2	-43.7125	0.4149	20.6
31.4	-26.5312	2.7394	20.650000000000002
180.25	0.625	-0.1917	20.700000000000003
68.65	2.0063	-0.1337	20.750000000000004
321.75	24.7312	-0.0401	20.8
147.8	-5.8625	-0.3034	20.85
-30.3	41.2563	1.6964	20.900000000000002
118.2	89.7563	0.5236	20.950000000000003
-134.95	9.4312	-0.395	21.000000000000004
13.6	64.5875	0.8857	21.05
-21.9	-32.2812	0.6961	21.1
-71.6	39.1062	13.9936	21.150000000000002
-212.65	50.25	-1.2753	21.200000000000003
50.2	-4.5375	-0.4648	21.250000000000004
-111.3	78.1062	3.9738	21.3
16.35	-110.875	1.0955	21.35
-172.35	-66.2125	0.3214	21.400000000000002
-43.1	73.7625	1.4953	21.450000000000003
-67.6	201.6313	1.2417	21.500000000000004
68.8	-73.5	2.0558	21.55
206.15	-19.1938	-0.4746	21.6
68.85	6.2188	-0.0164	21.650000000000002
-88.8	26.35	-1.9518	21.700000000000003
-172.95	13.9438	-0.4307	21.750000000000004
-224.6	103.65	-14.5792	21.8
-238.05	4.6687	-0.249	21.85
180.3	-47.8062	-1.5548	21.900000000000002
-72.85	-0.7188	-0.1768	21.950000000000003
22.9	34.6875	0.7022	22.000000000000004
-21.0	5.6812	-1.6148	22.05
-155.25	35.4937	-1.2109	22.1
-13.4	-47.1562	0.8507	22.150000000000002
-160.8	-26.3562	0.0963	22.200000000000003
92.75	-28.475	-2.1089	22.250000000000004
-171.5	-12.1812	-0.0507	22.3
-239.25	21.775	-0.467	22.35
-236.1	53.1438	-1.1825	22.400000000000002
57.5	-5.1562	-0.4623	22.450000000000003
-198.85	61.025	-2.107	22.500000000000004
-124.7	4.4	-0.2911	22.55
-43.85	18.075	-5.8338	22.6
-172.4	12.6062	-0.4056	22.650000000000002
39.0	55.7125	0.6889	22.700000000000003
-86.45	-72.25	0.5508	22.750000000000004
135.1	32.0	0.1857	22.8
-237.5	-45.9125	0.1346	22.85
-110.5	40.9125	-3.6242	22.900000000000002
-82.1	-16.5063	0.1441	22.950000000000003
199.5	63.1938	0.2654	23.000000000000004
-92.4	7.5	-0.4326	23.05
-246.35	-47.5875	0.1344	23.1
182.05	33.3188	0.1215	23.150000000000002
-51.95	-26.575	0.4069	23.200000000000003
-272.9	-73.85	0.2214	23.250000000000004
-254.75	-6.0562	-0.1455	23.3
-83.0	59.375	3.786	23.35
-47.9	49.7812	2.1126	23.400000000000002
154.75	18.1438	0.0279	23.450000000000003
-141.7	-5.8375	-0.1087	23.500000000000004
68.65	81.8188	0.6454	23.55
97.5	-76.425	3.1138	23.6
129.6	6.5813	-0.0894	23.650000000000002
93.75	-84.4062	2.4988	23.700000000000003
0.65	66.0063	0.9941	23.750000000000004
-73.8	70.4937	2.3181	23.8
-256.3	114.9375	-10.639	23.85
-34.5	-37.8188	0.6241	23.900000000000002
74.35	62.7562	0.5536	23.950000000000003
186.9	-2.5	-0.233	24.000000000000004
-197.2	29.325	-0.708	24.05
0.1	10.1938	0.9941	24.1
236.5	47.7688	0.1453	24.150000000000002
-177.25	3.4062	-0.248	24.200000000000003
-213.65	-29.1625	0.0573	24.250000000000004
117.2	14.7437	0.0412	24.3
-97.4	85.5688	2.5851	24.35
-129.5	-50.3687	0.325	24.400000000000002
6.65	-25.3313	1.1813	24.450000000000003
-100.3	70.35	3.9792	24.500000000000004
246.7	47.2625	0.1324	24.55
-74.8	22.1313	-1.9393	24.6
-104.4	-33.3125	0.2675	24.650000000000002
-192.05	92.9375	-36.3215	24.700000000000003
40.95	6.75	0.0975	24.750000000000004
-133.35	112.1438	2.7597	24.8
-223.4	173.25	3.1777	24.85
8.6	14.1	0.7196	24.900000000000002
-254.9	-97.1313	0.319	24.950000000000003
-53.65	20.4625	-4.0593	25.000000000000004
-49.1	-94.4312	0.7524	25.05
-41.8	-12.6812	0.2532	25.1
-116.1	-36.5312	0.2635	25.150000000000002
84.65	-9.875	-0.5652	25.200000000000003
-221.05	0.5625	-0.2061	25.250000000000004
96.4	-42.9062	-9.9261	25.3
264.9	-76.8938	-1.8609	25.35
-87.4	-59.9438	0.494	25.400000000000002
79.7	-86.4	2.0273	25.450000000000003
-47.35	-44.4812	0.5832	25.500000000000004
203.8	-59.2812	-1.8692	25.55
49.9	33.9688	0.4918	25.6
62.3	55.2563	0.5674	25.650000000000002
1.5	-33.625	1.0274	25.700000000000003
-26.75	80.9563	1.2375	25.750000000000004
48.75	6.4875	0.0522	25.8
-90.25	-24.3687	0.2208	25.85
208.3	-2.1938	-0.2258	25.900000000000002
-37.75	-23.4812	0.4653	25.950000000000003
-53.85	1.6938	-0.2806	26.000000000000004
-130.4	83.3938	5.3004	26.05
-109.6	7.3375	-0.3855	26.1
-108.4	71.3188	4.7993	26.150000000000002
-91.5	-9.2	0.0009	26.200000000000003
238.95	89.6438	0.3144	26.250000000000004
-307.1	69.3438	-1.1882	26.3
43.6	-45.0375	2.1258	26.35
23.8	148.2625	0.9108	26.400000000000002
56.4	103.0437	0.7422	26.450000000000003
32.5	-4.5188	-0.6622	26.500000000000004
-147.4	5.4563	-0.2959	26.55
11.35	59.625	0.8957	26.6
-129.5	37.1125	-1.8114	26.650000000000002
14.45	92.3125	0.9129	26.700000000000003
3.1	98.0875	0.9813	26.750000000000004
-11.55	34.6625	1.2399	26.8
-36.6	-58.4563	0.7139	26.85
-66.55	-13.7312	0.1505	26.900000000000002
-57.15	53.0125	2.4032	26.950000000000003
-63.3	79.475	1.7941	27.000000000000004
-62.65	-51.9	0.5483	27.05
35.7	57.2625	0.7148	27.1
140.7	-12.725	-0.465	27.150000000000002
240.1	65.4125	0.2232	27.200000000000003
-26.25	56.975	1.3592	27.250000000000004
-129.1	83.2	5.1534	27.3
105.3	-57.0312	15.4205	27.35
-47.3	82.425	1.4829	27.400000000000002
-149.2	103.6	4.0869	27.450000000000003
23.3	112.4062	0.8873	27.500000000000004
-78.35	50.2312	5.2519	27.55
-171.95	-44.4125	0.2087	27.6
560.0	-107.3062	-0.9456	27.650000000000002
347.7	38.2812	0.0166	27.700000000000003
204.85	39.975	0.1369	27.750000000000004
361.45	102.55	0.2344	27.8
510.45	3.2875	-0.1847	27.85
234.35	-32.2688	-0.6561	27.900000000000002
399.15	32.5312	-0.0318	27.950000000000003
565.9	108.0063	0.1315	28.000000000000004
332.25	113.1938	0.2863	28.05
646.7	64.8125	0.0004	28.1
493.0	28.4563	-0.0758	28.150000000000002
-6.2	165.775	1.0229	28.200000000000003
180.65	7.9375	-0.1031	28.250000000000004
-0.35	39.9	1.0053	28.3
-11.05	147.4125	1.0467	28.35
141.7	43.6	0.2571	28.400000000000002
15.95	242.4812	0.9618	28.450000000000003
93.3	47.3062	0.4042	28.500000000000004
-75.3	77.425	2.1359	28.55
-184.0	2.5562	-0.2343	28.6
-72.7	56.5938	3.1547	28.650000000000002
-197.15	-103.5375	0.4147	28.700000000000003
-177.15	98.5188	11.6891	28.750000000000004
191.95	-68.575	-3.2033	28.8
-231.75	-33.2312	0.0674	28.85
-136.1	-0.8313	-0.1855	28.900000000000002
422.65	-51.5125	-0.5868	28.950000000000003
153.6	124.5125	0.5422	29.000000000000004
-4.7	29.7875	1.1028	29.05
180.2	26.775	0.0749	29.1
422.6	13.5562	-0.1277	29.150000000000002
349.7	30.1625	-0.0234	29.200000000000003
-12.35	-13.8562	0.6301	29.250000000000004
-30.05	21.1	3.9679	29.3
-60.45	30.5938	99.3593	29.35
69.5	-39.7188	9.3925	29.400000000000002
382.4	-33.0875	-0.4511	29.450000000000003
-124.95	30.875	-1.3725	29.500000000000004
-10.55	67.6562	1.1015	29.55
105.2	21.3625	0.1466	29.6
-72.1	21.1375	-1.9009	29.650000000000002
167.0	-6.0875	-0.2944	29.700000000000003
105.05	148.6937	0.6868	29.750000000000004
30.4	59.2438	0.755	29.8
199.15	80.1312	0.3351	29.85
-127.1	106.5188	2.7748	29.900000000000002
64.35	63.7375	0.5974	29.950000000000003
276.7	102.2812	0.3101	30.000000000000004
140.1	-6.4	-0.3207	30.05
-241.65	95.5063	-4.7266	30.1
97.2	-7.1187	-0.4059	30.150000000000002
128.45	-43.925	-2.7966	30.200000000000003
54.25	12.4	0.1765	30.250000000000004
-18.5	91.5437	1.1349	30.3
97.2	118.9062	0.6518	30.35
-86.4	-54.2063	0.4678	30.400000000000002
-21.45	3.275	-0.7275	30.450000000000003
-161.8	157.5938	2.2658	30.500000000000004
202.5	39.0437	0.134	30.55
-92.65	72.3438	3.1365	30.6
143.8	-36.1875	-1.416	30.650000000000002
148.7	1.7125	-0.173	30.700000000000003
31.15	1.5938	-0.0886	30.750000000000004
-184.15	-47.2188	0.2068	30.8
23.8	41.4875	0.7325	30.85
55.9	-55.4062	2.2216	30.900000000000002
-64.8	54.525	2.7573	30.950000000000003
-9.9	39.375	1.1725	31.000000000000004
111.55	63.9312	0.4409	31.05
62.8	35.9688	0.4407	31.1
123.5	22.5	0.1205	31.150000000000002
163.35	-48.8062	-1.9819	31.200000000000003
-98.8	-86.625	0.5642	31.250000000000004
-242.7	-13.4062	-0.0806	31.3
202.55	109.2125	0.4226	31.35
-0.95	14.425	1.0409	31.400000000000002
-69.05	124.6687	1.4596	31.450000000000003
-2.7	-9.1938	0.8464	31.500000000000004
113.9	87.3313	0.5263	31.55
34.85	68.2	0.7558	31.6
-20.15	-19.55	0.5919	31.650000000000002
-83.85	26.0312	-2.1654	31.700000000000003
88.0	-29.9625	-2.7614	31.750000000000004
-44.95	-27.2375	0.4575	31.8
-58.35	72.875	1.8011	31.85
-42.05	35.175	2.783	31.900000000000002
-99.95	-18.7812	0.1278	31.950000000000003
-242.6	85.1625	-3.0279	32.0
-117.4	-25.1062	0.1595	32.05
99.95	7.4563	-0.0442	32.1
31.15	74.3188	0.7921	32.15
-77.05	30.45	-4.7251	32.199999999999996
-18.3	79.225	1.1567	32.25
-70.0	-20.1375	0.2383	32.3
8.85	-26.5	1.2405	32.35
201.05	16.0562	-0.0347	32.4
201.25	22.7	0.0209	32.449999999999996
-235.85	-36.0375	0.0809	32.5
-129.6	-13.1125	0.002	32.55
-95.95	16.1125	-0.8068	32.6
-124.35	39.6875	-2.3178	32.65
53.7	98.2563	0.7425	32.699999999999996
23.3	-57.9125	1.3022	32.75
-210.1	104.1375	-137.1479	32.8
-55.2	35.9438	4.9694	32.85
-140.25	161.8438	1.9175	32.9
21.15	81.7312	0.8625	32.949999999999996
37.7	83.5188	0.779	33.0
111.6	82.2812	0.5151	33.05
26.65	106.2188	0.8662	33.1
79.1	17.3062	0.1653	33.15
-71.8	-54.1125	0.5214	33.199999999999996
-188.05	86.3687	-13.737	33.25
-163.1	171.025	2.0937	33.3
-255.5	51.7937	-1.0183	33.35
236.6	-11.2937	-0.3267	33.4
39.9	61.4187	0.7058	33.449999999999996
-70.45	-23.15	0.2759	33.5
-65.7	-69.5125	0.6149	33.55
-51.9	2.6875	-0.3386	33.6
-83.95	39.5125	-19.4548	33.65
42.0	29.15	0.4975	33.699999999999996
20.3	-42.9125	1.3718	33.75
-101.7	-18.7312	0.123	33.8
-31.05	35.9812	1.9107	33.85
-69.25	-18.6313	0.2198	33.9
-57.1	44.6687	3.1255	33.949999999999996
167.4	122.75	0.5135	34.0
115.25	1.2937	-0.1737	34.05
-53.9	-72.5063	0.6748	34.1
-47.05	-64.25	0.6784	34.15
14.25	-33.5312	1.3238	34.199999999999996
-65.85	-33.6875	0.4069	34.25
-216.8	-48.825	0.1727	34.3
11.0	-48.4937	1.1535	34.35
-186.95	-26.9937	0.0689	34.4
8.55	-16.2937	1.4268	34.449999999999996
-132.1	12.4875	-0.4798	34.5
80.55	106.6	0.6709	34.55
4.95	22.6375	0.8817	34.6
-42.8	18.5063	-7.8743	34.65
-97.5	40.15	-5.8023	34.699999999999996
184.5	33.6625	0.1208	34.75
-121.15	45.6812	-3.8806	34.8
49.05	-11.0562	-1.1851	34.85
-189.75	38.325	-1.0133	34.9
98.7	41.0437	0.3449	34.949999999999996
-57.5	79.0437	1.686	35.0
10.35	6.1375	0.451	35.05
-181.6	53.0	-1.8825	35.1
-16.8	-34.7437	0.7664	35.15
-38.55	40.2812	2.1011	35.199999999999996
161.9	-23.1313	-0.6801	35.25
38.95	42.4812	0.6228	35.3
127.4	25.6313	0.1443	35.35
-120.05	35.5813	-1.9468	35.4
168.75	58.6562	0.2921	35.449999999999996
158.8	-80.2063	119.1767	35.5
-52.7	84.35	1.5452	35.55
-39.45	-63.9875	0.7172	35.6
70.0	-38.3	13.7273	35.65
-189.35	23.45	-0.5951	35.699999999999996
130.55	85.8188	0.4816	35.75
71.65	125.7125	0.7339	35.8
-191.55	-5.0	-0.1405	35.85
-52.85	140.3687	1.2783	35.9
315.6	50.125	0.0893	35.949999999999996
203.65	-19.3625	-0.4818	36.0
-107.05	107.1313	2.1982	36.05
102.95	20.8438	0.1459	36.1
56.35	49.075	0.5623	36.15
28.55	-17.4812	6.3427	36.199999999999996
84.5	84.4625	0.5999	36.25
74.35	39.3375	0.417	36.3
42.5	26.4375	0.4653	36.35
-48.6	-20.6062	0.3506	36.4
-8.35	-47.3875	0.9028	36.449999999999996
-173.9	30.1	-0.8354	36.5
-120.8	87.9875	3.6273	36.55
-57.3	93.6938	1.5286	36.6
6.0	-81.9625	1.0456	36.65
259.75	-31.1938	-0.5793	36.699999999999996
305.6	125.6875	0.3416	36.75
-136.4	-17.0312	0.0398	36.8
-6.75	101.7312	1.0412	36.85
-45.7	16.6	-3.3872	36.9
211.1	48.3562	0.177	36.949999999999996
-38.35	106.6187	1.2631	37.0
-97.15	10.9375	-0.5487	37.05
-109.85	3.9375	-0.2927	37.1
-171.1	22.3562	-0.6245	37.15
-131.6	122.4187	2.3946	37.199999999999996
-67.7	49.1438	3.656	37.25
-67.9	38.55	9.8565	37.3
-66.0	-38.375	0.4452	37.35
-57.05	11.0125	-0.9546	37.4
6.3	57.4875	0.9377	37.449999999999996
76.75	129.4375	0.7256	37.5
319.0	13.2875	-0.1077	37.55
119.6	25.4688	0.1584	37.6
217.65	-52.25	-1.3083	37.65
-53.25	57.575	2.0323	37.699999999999996
79.55	-44.6125	10.8667	37.75
26.7	-43.55	1.5305	37.8
-186.85	1.2688	-0.2165	37.85
84.35	-7.4	-0.4554	37.9
-75.7	-109.1938	0.6911	37.949999999999996
78.15	4.9187	-0.0658	38.0
131.45	6.3438	-0.0944	38.05
48.05	17.075	0.2985	38.1
85.4	177.7375	0.7676	38.15
-19.9	14.125	3.8599	38.199999999999996
-179.75	121.5	4.4103	38.25
114.65	26.475	0.1791	38.3
-155.2	29.125	-0.921	38.35
-92.4	31.0188	-2.6519	38.4
287.65	-7.5813	-0.2668	38.45
161.1	23.375	0.0699	38.5
-114.75	87.4875	3.2864	38.55
38.9	-90.2625	1.3296	38.6
154.0	10.0125	-0.0619	38.65
49.6	104.625	0.7701	38.7
69.8	131.95	0.749	38.75
96.0	41.5375	0.3567	38.8
-32.8	43.1625	1.7354	38.85
114.05	39.7625	0.293	38.9
-32.35	-53.0375	0.7196	38.95
145.5	20.725	0.0661	39.0
-81.2	49.9437	6.2142	39.05
225.85	33.4437	0.0742	39.1
221.55	34.9688	0.0879	39.15
145.75	134.35	0.578	39.2
-116.25	54.9438	-20.9253	39.25
42.65	52.4563	0.6532	39.3
-38.2	-36.4937	0.5877	39.35
-2.7	-13.2	0.8887	39.4
42.65	21.4125	0.4012	39.45
-25.55	15.5813	6.4628	39.5
-107.3	-100.7312	0.583	39.55
109.15	-38.825	-3.1581	39.6
-18.8	-0.4812	-0.1416	39.65
96.1	-66.6687	4.0969	39.7
-247.3	112.2312	-11.9944	39.75
184.8	7.1062	-0.1143	39.8
97.75	-19.325	-0.9848	39.85
-69.6	223.8875	1.2209	39.9
501.1	137.9688	0.2261	39.95
849.7	156.4062	0.1229	40.0
