DemDexc	AemDexc	E	T
780.2	708.9	0.574	0.05
301.38	714.24	0.7909	0.1
-151.22	763.52	1.1319	0.15000000000000002
20.26	677.5	0.9823	0.2
59.72	745.42	0.9538	0.25
-237.56	544.74	1.3346	0.3
-118.82	552.36	1.1446	0.35000000000000003
-107.14	449.06	1.1625	0.4
25.98	655.04	0.9767	0.45
-255.4	543.1	1.3689	0.5
-34.88	705.2	1.0304	0.55
-128.86	602.08	1.1438	0.6000000000000001
40.42	421.36	0.9451	0.6500000000000001
90.84	623.36	0.9185	0.7000000000000001
11.58	748.82	0.9908	0.7500000000000001
219.56	528.8	0.7937	0.8
-133.18	522.84	1.1751	0.8500000000000001
139.02	452.3	0.8401	0.9000000000000001
264.48	413.14	0.709	0.9500000000000001
-16.42	460.4	1.0218	1.0
-56.24	418.62	1.0864	1.05
-114.66	792.72	1.0936	1.1
45.04	618.36	0.9578	1.1500000000000001
-278.04	625.96	1.3426	1.2000000000000002
-255.7	630.46	1.3052	1.2500000000000002
-411.92	536.38	1.748	1.3
-106.42	715.58	1.0964	1.35
23.72	655.42	0.9787	1.4000000000000001
111.58	706.56	0.9122	1.4500000000000002
135.22	398.62	0.826	1.5000000000000002
-48.22	627.54	1.0479	1.55
31.4	452.24	0.9597	1.6
-157.44	458.1	1.249	1.6500000000000001
73.08	335.92	0.8823	1.7000000000000002
-139.64	461.36	1.214	1.7500000000000002
183.9	296.4	0.7159	1.8
-150.92	294.8	1.4128	1.85
159.68	762.66	0.8863	1.9000000000000001
-122.24	604.12	1.1351	1.9500000000000002
-196.68	518.08	1.2811	2.0
-97.16	573.3	1.1111	2.05
-51.4	472.96	1.069	2.1
92.7	377.8	0.8689	2.15
80.84	353.66	0.8769	2.1999999999999997
-11.98	152.48	1.0491	2.25
12.3	178.22	0.96	2.3
12.32	333.76	0.9783	2.35
195.0	428.28	0.7775	2.4
209.9	83.72	0.3325	2.45
108.36	56.4	0.412	2.5
12.74	97.86	0.9267	2.55
22.42	97.36	0.8761	2.6
54.2	23.48	0.3571	2.65
146.96	73.9	0.4017	2.7
-4.98	194.94	1.0155	2.75
27.94	-37.92	1.7	2.8
975.4	218.52	0.1713	2.85
1019.78	129.7	0.0433	2.9
755.54	139.04	0.1228	2.95
885.46	76.72	-0.0228	3.0
747.66	25.72	-0.1228	3.05
1147.66	145.36	0.0425	3.1
569.66	42.3	-0.0448	3.15
425.8	148.0	0.2921	3.2
707.58	32.08	-0.1002	3.25
454.34	35.38	-0.0383	3.3
532.96	51.06	-0.007	3.35
845.64	46.32	-0.0815	3.4
1035.42	52.7	-0.0891	3.45
593.74	47.54	-0.0344	3.5
995.1	237.98	0.1883	3.55
788.28	56.34	-0.0499	3.6
703.26	87.52	0.0392	3.65
658.36	17.34	-0.14	3.7
606.0	-2.12	-0.2085	3.75
409.98	80.92	0.1396	3.8
488.38	88.98	0.1205	3.85
838.18	-2.26	-0.2065	3.9
796.36	-5.02	-0.2153	3.95
879.56	98.38	0.0194	4.0
1160.42	32.08	-0.1371	4.05
680.72	90.0	0.051	4.1
778.28	90.24	0.0259	4.15
629.06	71.82	0.0231	4.2
1086.12	41.32	-0.1152	4.25
1054.64	-0.72	-0.2016	4.3
1066.68	40.4	-0.1155	4.35
1170.08	115.36	-0.0024	4.4
1288.96	182.48	0.0648	4.45
1127.2	16.68	-0.1655	4.5
1212.8	97.36	-0.034	4.55
1037.48	88.58	-0.025	4.6
902.5	106.78	0.0296	4.65
732.8	43.56	-0.0725	4.7
1058.18	16.42	-0.1639	4.75
1221.06	194.88	0.0904	4.8
877.48	158.5	0.1185	4.8500000000000005
1030.16	64.7	-0.0661	4.9
993.72	15.8	-0.163	4.95
882.82	71.48	-0.0328	5.0
674.54	-12.12	-0.2447	5.05
717.54	-17.86	-0.2629	5.1000000000000005
672.46	8.18	-0.1715	5.15
574.52	-27.72	-0.3282	5.2
909.54	8.86	-0.1771	5.25
644.08	63.36	-0.0027	5.3
669.92	10.62	-0.1631	5.3500000000000005
732.0	-26.66	-0.2943	5.4
695.58	39.78	-0.0768	5.45
805.6	-0.06	-0.2002	5.5
691.54	-42.0	-0.3659	5.55
568.62	14.32	-0.1425	5.6000000000000005
894.46	59.34	-0.0594	5.65
1071.74	120.4	0.0202	5.7
825.3	175.84	0.1586	5.75
25.74	17.72	0.4951	5.8
-94.16	16.88	-0.8707	5.8500000000000005
102.06	49.3	0.3897	5.9
17.78	-10.3	8.566	5.95
-141.14	55.62	-4.6645	6.0
-203.76	32.24	-0.7555	6.05
-121.88	-43.74	0.3014	6.1000000000000005
194.6	76.28	0.3273	6.15
-22.92	-32.78	0.6892	6.2
-256.46	-4.26	-0.1614	6.25
121.22	138.34	0.6344	6.3
37.6	-24.82	4.7475	6.3500000000000005
-280.02	-46.36	0.0985	6.4
-216.3	-53.14	0.1954	6.45
29.2	-2.42	-0.4384	6.5
-75.0	-28.04	0.3134	6.55
95.7	15.66	0.0959	6.6000000000000005
-1.24	-110.12	0.9933	6.65
-78.74	-13.86	0.1125	6.7
-85.06	10.68	-0.6024	6.75
-130.28	-68.56	0.4153	6.8
70.16	-34.5	-71.5793	6.8500000000000005
-121.56	44.86	-3.5814	6.9
68.22	43.12	0.47	6.95
-246.52	-29.0	0.0286	7.0
32.08	3.98	0.0386	7.05
-221.0	-9.1	-0.1087	7.1000000000000005
21.92	1.3	-0.0728	7.15
-111.22	-61.48	0.4301	7.2
36.18	57.88	0.7143	7.25
20.52	-0.56	-0.2693	7.3
-25.58	22.8	2.5333	7.3500000000000005
142.3	-44.44	-2.1966	7.4
60.06	-27.98	-16.5785	7.45
-8.18	55.14	1.0961	7.5
-53.86	56.9	2.0783	7.55
174.98	37.38	0.1592	7.6000000000000005
-32.02	104.78	1.2164	7.65
-176.14	-12.22	-0.0538	7.7
182.6	128.5	0.5015	7.75
-15.54	-58.48	0.8593	7.8
-27.64	62.8	1.3386	7.8500000000000005
-121.48	-42.84	0.2963	7.9
-338.26	133.64	-4.7187	7.95
53.46	-2.3	-0.313	8.0
-114.3	0.68	-0.2145	8.05
-120.34	-55.82	0.3775	8.100000000000001
200.3	16.26	-0.0324	8.15
4.24	-13.3	1.2275	8.200000000000001
72.28	-22.32	-2.1381	8.250000000000002
-279.64	28.72	-0.5102	8.3
245.76	-107.76	-8.7524	8.350000000000001
60.58	46.08	0.5241	8.4
-147.16	55.54	-3.8945	8.450000000000001
-119.22	-27.72	0.1809	8.500000000000002
-117.72	-10.82	-0.0137	8.55
-76.64	190.1	1.303	8.600000000000001
-261.2	55.1	-1.0758	8.65
-117.5	28.94	-1.365	8.700000000000001
-149.4	3.6	-0.2608	8.750000000000002
84.32	39.72	0.3821	8.8
5.74	92.5	0.9639	8.850000000000001
-76.26	-90.28	0.6437	8.9
-140.62	-17.22	0.0361	8.950000000000001
-21.66	84.22	1.1771	9.000000000000002
87.88	-44.48	98.6444	9.05
134.48	64.96	0.3897	9.100000000000001
-14.04	-44.06	0.8351	9.15
-185.44	-62.44	0.2829	9.200000000000001
107.3	2.94	-0.1377	9.250000000000002
102.88	-42.22	-5.695	9.3
-199.54	73.16	-3.4992	9.350000000000001
94.1	94.72	0.6017	9.4
-156.14	-86.0	0.429	9.450000000000001
-159.2	-13.56	-0.0253	9.500000000000002
-71.26	130.12	1.4525	9.55
-72.36	127.28	1.4766	9.600000000000001
-170.64	80.96	-22.4826	9.650000000000002
-291.74	66.6	-1.2082	9.700000000000001
33.3	0.6	-0.1583	9.750000000000002
-143.32	-54.5	0.3184	9.8
-168.38	-29.74	0.1132	9.850000000000001
-102.6	-25.12	0.1945	9.900000000000002
162.0	-30.52	-0.9255	9.950000000000001
-8.2	-42.76	0.895	10.000000000000002
-111.56	-63.98	0.4411	10.05
-14.48	-57.96	0.8667	10.100000000000001
-99.88	35.42	-3.1273	10.150000000000002
73.16	-63.28	2.644	10.200000000000001
-27.4	37.16	1.7008	10.250000000000002
174.28	101.32	0.4451	10.3
-67.74	33.82	-811.88	10.350000000000001
275.3	-42.7	-0.7397	10.400000000000002
-38.18	-41.88	0.6243	10.450000000000001
-102.36	-33.04	0.2708	10.500000000000002
-296.2	23.28	-0.4238	10.55
75.34	44.12	0.4473	10.600000000000001
60.82	-39.9	4.8453	10.650000000000002
4.64	16.16	0.8494	10.700000000000001
68.12	-4.12	-0.3651	10.750000000000002
-146.08	-29.98	0.1492	10.8
-213.82	-46.14	0.1618	10.850000000000001
31.26	37.4	0.6463	10.900000000000002
-21.68	81.82	1.1833	10.950000000000001
-304.62	24.94	-0.435	11.000000000000002
-163.88	172.62	2.0843	11.05
-542.2	75.82	-0.6659	11.100000000000001
-90.4	40.58	-10.7403	11.150000000000002
173.86	-5.92	-0.2877	11.200000000000001
124.68	16.66	0.0531	11.250000000000002
-264.5	-20.6	-0.0383	11.3
8.28	20.56	0.7989	11.350000000000001
-361.62	83.22	-1.2233	11.400000000000002
-72.6	150.1	1.3828	11.450000000000001
-79.7	-24.06	0.2518	11.500000000000002
0.22	-19.16	1.0069	11.55
40.44	-10.68	-1.5434	11.600000000000001
-138.74	-25.44	0.122	11.650000000000002
67.24	-82.7	1.822	11.700000000000001
-40.18	-112.66	0.8184	11.750000000000002
-63.98	54.0	2.7441	11.8
-255.56	-107.76	0.349	11.850000000000001
11.14	-57.4	1.129	11.900000000000002
-175.44	-41.54	0.1856	11.950000000000001
125.82	11.12	-0.0197	12.000000000000002
-127.42	28.9	-1.1963	12.05
60.12	-91.92	1.5831	12.100000000000001
-124.44	52.76	-6.8926	12.150000000000002
-97.96	-21.0	0.1601	12.200000000000001
36.02	-54.6	1.5907	12.250000000000002
-183.2	-85.12	0.378	12.3
-218.68	-1.36	-0.1853	12.350000000000001
-178.74	7.38	-0.308	12.400000000000002
45.26	-62.48	1.6815	12.450000000000001
-76.28	75.02	2.241	12.500000000000002
-125.26	248.92	1.4034	12.55
-16.02	42.08	1.2821	12.600000000000001
-155.78	-28.9	0.1247	12.650000000000002
-192.78	-36.58	0.1301	12.700000000000001
-48.34	-51.46	0.6165	12.750000000000002
82.1	-85.68	2.1037	12.8
18.2	-54.88	1.2385	12.850000000000001
142.56	-59.94	-6.5429	12.900000000000002
19.32	-24.92	1.7596	12.950000000000001
52.86	-3.54	-0.3856	13.000000000000002
-166.66	7.4	-0.3169	13.05
-53.3	17.52	-2.5027	13.100000000000001
-88.86	-16.76	0.1287	13.150000000000002
-130.7	-5.4	-0.1084	13.200000000000001
-10.82	-82.14	0.9258	13.250000000000002
-181.5	14.44	-0.4271	13.3
-253.48	-11.0	-0.1042	13.350000000000001
96.08	-70.66	3.5485	13.400000000000002
22.8	-72.06	1.2255	13.450000000000001
36.52	-5.54	-0.7226	13.500000000000002
-155.62	18.34	-0.5701	13.55
73.16	56.58	0.5288	13.600000000000001
131.78	-69.42	23.3989	13.650000000000002
106.78	70.28	0.4819	13.700000000000001
27.8	-28.48	2.144	13.750000000000002
-284.78	-50.98	0.1164	13.8
-212.76	32.0	-0.7163	13.850000000000001
-254.64	-57.44	0.1731	13.900000000000002
-205.58	22.48	-0.5359	13.950000000000001
50.26	99.14	0.7573	14.000000000000002
-141.1	35.82	-1.4377	14.05
-201.7	59.74	-1.9438	14.100000000000001
-89.08	82.54	2.4065	14.150000000000002
-199.56	2.1	-0.2258	14.200000000000001
-189.58	39.26	-1.0484	14.250000000000002
-48.14	-74.2	0.7061	14.3
-169.62	51.56	-2.0608	14.350000000000001
60.46	-10.64	-0.8518	14.400000000000002
-187.82	-33.04	0.1123	14.450000000000001
-8.78	15.72	1.465	14.500000000000002
-151.12	44.38	-1.908	14.55
-79.7	-73.4	0.5777	14.600000000000001
-55.08	85.76	1.5676	14.650000000000002
-126.72	-20.86	0.0972	14.700000000000001
119.2	96.18	0.5409	14.750000000000002
-305.34	-25.06	-0.0308	14.8
-139.56	36.6	-1.5237	14.850000000000001
-17.64	66.46	1.1836	14.900000000000002
-213.24	153.04	3.7562	14.950000000000001
-57.6	154.2	1.2756	15.000000000000002
58.98	15.32	0.2103	15.05
-79.76	-86.84	0.6223	15.100000000000001
-242.94	44.44	-0.8923	15.150000000000002
-69.8	62.78	2.5022	15.200000000000001
73.04	-11.0	-0.7172	15.250000000000002
131.94	34.38	0.2111	15.3
-218.54	-95.06	0.3583	15.350000000000001
2.58	-71.18	1.0221	15.400000000000002
-275.64	-41.48	0.0776	15.450000000000001
-67.66	-51.4	0.5237	15.500000000000002
-127.22	-108.38	0.5562	15.55
-42.54	-76.26	0.7383	15.600000000000001
-32.68	75.7	1.3303	15.650000000000002
195.22	25.36	0.0475	15.700000000000001
-118.76	135.98	1.9302	15.750000000000002
59.48	26.22	0.3623	15.8
-311.46	52.62	-0.8124	15.850000000000001
-109.06	-59.5	0.4262	15.900000000000002
-48.92	-22.2	0.3709	15.950000000000001
-268.38	94.56	-3.0633	16.0
225.58	18.98	-0.0272	16.05
172.74	87.08	0.4025	16.1
82.78	47.76	0.4429	16.150000000000002
-100.2	48.1	-29.06	16.200000000000003
103.58	31.68	0.2554	16.25
-73.9	113.7	1.5777	16.3
24.2	-42.2	1.4824	16.35
-244.8	-3.68	-0.165	16.400000000000002
-72.82	-7.22	-0.0014	16.450000000000003
71.32	20.32	0.2356	16.5
-58.82	-10.72	0.1206	16.55
-155.72	12.18	-0.4225	16.6
-33.76	-86.3	0.8037	16.650000000000002
-73.64	-12.44	0.103	16.700000000000003
2.0	-44.54	1.0276	16.75
-139.18	34.28	-1.365	16.8
-114.34	-3.6	-0.1289	16.85
187.76	-35.12	-0.9172	16.900000000000002
164.58	-59.44	-3.3216	16.950000000000003
-169.28	-112.92	0.4859	17.0
-3.48	8.16	1.3252	17.05
103.32	-33.62	-2.4364	17.1
42.36	-8.02	-0.9313	17.150000000000002
-178.88	30.9	-0.8334	17.200000000000003
58.04	2.16	-0.1169	17.25
-9.38	124.14	1.0471	17.3
-260.52	-79.16	0.2536	17.35
-145.6	-2.3	-0.1632	17.400000000000002
186.1	144.42	0.5298	17.450000000000003
-308.02	20.48	-0.384	17.5
-70.82	-28.44	0.3345	17.55
48.78	3.26	-0.0585	17.6
94.74	-76.42	2.9568	17.650000000000002
75.92	3.3	-0.104	17.700000000000003
11.58	-87.98	1.0845	17.75
133.82	10.12	-0.0423	17.8
-38.46	-89.66	0.7881	17.85
228.06	110.68	0.3911	17.900000000000002
15.62	53.12	0.8462	17.950000000000003
43.24	94.46	0.7765	18.0
-135.46	34.06	-1.4139	18.05
-175.18	56.58	-2.3895	18.1
-73.12	146.78	1.398	18.150000000000002
49.8	49.94	0.6007	18.200000000000003
-76.04	24.9	-2.4774	18.25
-91.5	-94.14	0.6075	18.3
-176.0	-42.88	0.1932	18.35
84.74	6.16	-0.0477	18.400000000000002
42.5	3.98	-0.0107	18.450000000000003
-84.14	3.62	-0.313	18.5
-162.7	11.76	-0.4028	18.55
-291.78	-21.96	-0.043	18.6
-70.34	50.74	3.7106	18.650000000000002
-243.6	54.64	-1.1763	18.700000000000003
73.32	-35.58	-39.7333	18.75
32.08	8.08	0.202	18.8
-115.76	-31.26	0.2208	18.85
165.42	38.46	0.1809	18.900000000000002
119.06	41.3	0.2915	18.950000000000003
4.98	26.22	0.8959	19.0
131.68	-51.74	-4.6034	19.05
36.52	-8.62	-1.273	19.1
-105.64	17.44	-0.7915	19.150000000000002
-232.36	41.28	-0.8614	19.200000000000003
-317.22	-103.02	0.2725	19.250000000000004
-71.68	101.98	1.6503	19.3
-213.8	28.22	-0.6304	19.35
-176.7	27.28	-0.736	19.400000000000002
132.36	-81.2	6.2874	19.450000000000003
46.96	-25.54	14.6777	19.500000000000004
107.36	34.24	0.2673	19.55
-58.44	-1.2	-0.1527	19.6
-217.78	34.18	-0.749	19.650000000000002
46.12	31.08	0.4889	19.700000000000003
-82.7	45.52	12.8993	19.750000000000004
-33.58	87.86	1.2835	19.8
87.56	50.88	0.445	19.85
18.9	29.42	0.7083	19.900000000000002
193.08	128.4	0.485	19.950000000000003
-95.32	14.62	-0.731	20.000000000000004
114.06	-70.78	5.9772	20.05
-80.0	-57.96	0.51	20.1
136.98	19.46	0.0655	20.150000000000002
-11.68	134.04	1.0547	20.200000000000003
-194.72	-56.24	0.2394	20.250000000000004
-5.04	-73.52	0.9602	20.3
91.88	-44.7	-43.4581	20.35
-162.02	131.8	2.914	20.400000000000002
74.2	35.56	0.3873	20.450000000000003
-46.06	83.92	1.4539	20.500000000000004
85.82	45.2	0.4156	20.55
-90.3	40.46	-10.5522	20.6
-158.8	6.26	-0.3027	20.650000000000002
-118.24	-48.02	0.3378	20.700000000000003
-88.6	1.74	-0.2491	20.750000000000004
31.34	67.66	0.7743	20.8
-169.62	16.0	-0.479	20.85
114.54	-66.16	8.7305	20.900000000000002
-191.22	71.52	-3.7626	20.950000000000003
-248.42	49.66	-0.9994	21.000000000000004
-156.92	-42.92	0.2243	21.05
38.16	-79.44	1.3793	21.1
-124.5	8.34	-0.3856	21.150000000000002
237.92	45.6	0.1325	21.200000000000003
-149.04	-49.26	0.2776	21.250000000000004
6.04	60.7	0.9431	21.3
-116.5	60.1	38.7838	21.35
78.2	45.3	0.4441	21.400000000000002
-208.34	-135.8	0.4791	21.450000000000003
131.9	-17.12	-0.6207	21.500000000000004
114.88	-28.68	-1.3967	21.55
23.24	-43.96	1.4312	21.6
135.42	23.64	0.1105	21.650000000000002
-134.28	39.9	-1.9577	21.700000000000003
-98.9	27.34	-1.6839	21.750000000000004
264.14	-70.68	-1.5816	21.8
-160.3	-9.18	-0.0767	21.85
-147.02	61.04	-6.0739	21.900000000000002
-157.38	39.74	-1.4243	21.950000000000003
-105.38	-23.16	0.1664	22.000000000000004
-19.48	161.3	1.0771	22.05
117.64	-6.8	-0.3569	22.1
96.76	77.6	0.5392	22.150000000000002
-0.66	42.3	1.0094	22.200000000000003
-143.36	50.44	-3.0497	22.250000000000004
-160.96	118.6	3.5335	22.3
159.92	92.76	0.4445	22.35
84.76	-2.36	-0.2708	22.400000000000002
65.44	-7.0	-0.5266	22.450000000000003
125.4	53.7	0.3536	22.500000000000004
-93.72	56.16	7.0465	22.55
-171.0	-69.74	0.3391	22.6
-109.7	-52.38	0.3862	22.650000000000002
28.98	41.92	0.6918	22.700000000000003
-180.78	16.26	-0.4632	22.750000000000004
-118.8	65.38	12.9197	22.8
-106.88	91.44	2.6876	22.85
-113.16	9.0	-0.427	22.900000000000002
-88.9	86.48	2.2691	22.950000000000003
-175.14	56.4	-2.3713	23.000000000000004
-254.32	37.66	-0.7049	23.05
-30.04	105.48	1.1992	23.1
-87.5	-3.02	-0.1225	23.150000000000002
-27.9	-31.22	0.6294	23.200000000000003
275.18	-10.64	-0.3006	23.250000000000004
-272.72	-113.92	0.3462	23.3
162.24	-55.82	-2.8476	23.35
-92.84	-50.58	0.4257	23.400000000000002
92.52	-7.28	-0.4241	23.450000000000003
-39.7	-48.98	0.6539	23.500000000000004
-12.72	-28.26	0.7795	23.55
95.14	-79.62	2.7811	23.6
-124.56	-53.1	0.3523	23.650000000000002
-115.6	-6.32	-0.0817	23.700000000000003
-201.24	38.62	-0.9475	23.750000000000004
17.0	33.82	0.759	23.8
108.54	33.12	0.2548	23.85
-83.0	-124.2	0.6995	23.900000000000002
-48.18	-90.6	0.7479	23.950000000000003
-25.5	-30.26	0.6443	24.000000000000004
104.68	-0.42	-0.2097	24.05
-218.88	-88.34	0.336	24.1
-286.54	29.94	-0.517	24.150000000000002
126.74	-37.9	-1.9856	24.200000000000003
18.22	27.08	0.6979	24.250000000000004
150.82	85.96	0.4392	24.3
19.78	9.6	0.3911	24.35
-17.34	-37.7	0.7756	24.400000000000002
-124.56	70.64	9.9397	24.450000000000003
37.0	82.52	0.7802	24.500000000000004
-90.76	5.08	-0.3513	24.55
-101.26	45.56	-10.9834	24.6
-157.68	-122.58	0.5303	24.650000000000002
-163.28	58.38	-3.2119	24.700000000000003
-194.18	0.16	-0.202	24.750000000000004
-271.6	-57.34	0.1563	24.8
-221.5	-12.24	-0.0806	24.85
-266.34	-66.84	0.201	24.900000000000002
21.68	-30.54	1.6603	24.950000000000003
-8.96	-1.44	0.0919	25.000000000000004
-125.02	7.74	-0.3696	25.05
70.3	33.92	0.3893	25.1
-101.86	-39.1	0.3212	25.150000000000002
87.76	-34.14	-4.4062	25.200000000000003
2.94	-12.98	1.1533	25.250000000000004
-46.68	-64.22	0.6801	25.3
51.36	100.92	0.7566	25.35
31.34	102.24	0.8405	25.400000000000002
-234.92	7.54	-0.2823	25.450000000000003
-145.16	43.12	-1.9564	25.500000000000004
93.86	5.78	-0.0684	25.55
35.9	76.44	0.7718	25.6
27.38	91.02	0.8431	25.650000000000002
66.12	25.64	0.3242	25.700000000000003
40.76	36.48	0.5699	25.750000000000004
75.58	-14.52	-0.9488	25.8
-51.8	53.62	2.1212	25.85
-120.7	-45.2	0.3139	25.900000000000002
-143.42	-34.38	0.1889	25.950000000000003
-78.94	11.48	-0.6922	26.000000000000004
20.92	-39.32	1.4349	26.05
-179.7	60.3	-2.6487	26.1
-72.08	70.98	2.2378	26.150000000000002
-19.02	40.92	1.3633	26.200000000000003
-82.46	38.86	-19.8759	26.250000000000004
-240.44	76.28	-2.2832	26.3
-281.28	-96.28	0.2877	26.35
31.46	37.68	0.6466	26.400000000000002
-28.28	-47.66	0.7254	26.450000000000003
184.64	-86.4	-17.7135	26.500000000000004
-97.4	14.94	-0.731	26.55
-141.26	114.32	2.9399	26.6
123.26	-32.9	-1.5742	26.650000000000002
-4.52	-4.86	0.6191	26.700000000000003
-6.82	-21.2	0.8337	26.750000000000004
-246.4	-24.8	0.0011	26.8
-223.98	-101.46	0.3704	26.85
-232.32	1.5	-0.2157	26.900000000000002
170.74	30.6	0.1166	26.950000000000003
-22.72	2.34	-0.5113	27.000000000000004
33.5	-72.6	1.3599	27.05
-84.54	-34.36	0.3381	27.1
-28.02	-50.74	0.7404	27.150000000000002
-138.44	139.62	2.1799	27.200000000000003
-69.52	31.52	-11.8741	27.250000000000004
-139.24	-74.62	0.4208	27.3
-126.0	-64.96	0.4092	27.35
-4.38	-2.2	0.4014	27.400000000000002
-125.28	61.98	-112.8909	27.450000000000003
322.3	-28.38	-0.4565	27.500000000000004
20.96	-40.02	1.4257	27.55
24.42	41.4	0.7267	27.6
-249.74	17.62	-0.3971	27.650000000000002
180.96	48.44	0.2184	27.700000000000003
-13.04	-18.78	0.6908	27.750000000000004
-25.84	-99.04	0.8615	27.8
-166.98	61.44	-3.5437	27.85
-297.7	-30.08	0.0017	27.900000000000002
-85.38	42.22	-107.9957	27.950000000000003
-287.0	-18.94	-0.0601	28.000000000000004
157.36	-3.5	-0.2559	28.05
47.88	-32.14	4.5034	28.1
51.38	8.46	0.0973	28.150000000000002
68.9	-40.62	7.7002	28.200000000000003
-12.22	-3.44	0.2323	28.250000000000004
210.32	10.52	-0.0909	28.3
129.66	-99.86	3.2208	28.35
-92.2	64.1	4.0733	28.400000000000002
-36.28	3.5	-0.4869	28.450000000000003
33.48	-7.4	-1.1507	28.500000000000004
-106.26	-9.56	-0.017	28.55
-76.74	46.18	6.8955	28.6
89.4	-31.06	-2.9326	28.650000000000002
46.12	125.24	0.8134	28.700000000000003
11.26	-124.96	1.0566	28.750000000000004
32.24	-65.86	1.3889	28.8
-15.28	-63.58	0.8713	28.85
-58.12	-91.42	0.7106	28.900000000000002
-49.3	5.32	-0.5303	28.950000000000003
-205.36	24.68	-0.5797	29.000000000000004
-81.74	24.32	-1.9634	29.05
-106.38	3.8	-0.2923	29.1
-44.62	-77.58	0.732	29.150000000000002
-48.86	-80.24	0.7199	29.200000000000003
-130.06	-35.66	0.225	29.250000000000004
-2.74	65.0	1.0258	29.3
67.94	-36.06	20.5043	29.35
-18.32	-44.08	0.7935	29.400000000000002
-30.96	47.34	1.5831	29.450000000000003
-85.56	-53.04	0.4642	29.500000000000004
129.12	58.86	0.3723	29.55
-77.58	-24.42	0.2636	29.6
-118.18	-79.7	0.4891	29.650000000000002
-45.48	117.68	1.2874	29.700000000000003
-40.44	0.14	-0.2084	29.750000000000004
-99.92	103.22	2.1256	29.8
152.5	31.4	0.15	29.85
-157.08	2.64	-0.2417	29.900000000000002
-114.98	-67.88	0.4497	29.950000000000003
-58.34	39.96	4.2441	30.000000000000004
-114.52	-88.12	0.5274	30.05
36.1	49.26	0.6782	30.1
-319.36	22.88	-0.4007	30.150000000000002
-13.64	27.58	1.3942	30.200000000000003
-234.4	-47.16	0.1443	30.250000000000004
53.7	-101.96	1.429	30.3
-94.18	59.28	5.6356	30.35
-79.08	90.88	1.9242	30.400000000000002
-128.48	87.44	4.3228	30.450000000000003
154.96	-9.9	-0.3758	30.500000000000004
32.54	14.54	0.3663	30.55
0.52	30.82	0.99	30.6
-40.78	86.1	1.3724	30.650000000000002
97.66	29.3	0.25	30.700000000000003
-152.04	-25.06	0.0975	30.750000000000004
-93.46	63.4	4.3639	30.8
-15.04	-45.56	0.83	30.85
170.58	-79.3	-16.0865	30.900000000000002
-407.96	52.48	-0.6157	30.950000000000003
-68.08	-60.56	0.5682	31.000000000000004
-143.78	124.68	2.6342	31.05
-97.24	65.84	4.3882	31.1
-187.98	-12.76	-0.0566	31.150000000000002
16.14	-78.5	1.1375	31.200000000000003
-173.96	-39.0	0.1715	31.250000000000004
49.12	-50.82	2.1223	31.3
-188.08	40.28	-1.0991	31.35
-400.58	-44.96	0.02	31.400000000000002
-65.8	4.98	-0.414	31.450000000000003
546.58	-41.94	-0.4175	31.500000000000004
101.3	20.26	0.1429	31.55
16.3	14.02	0.5589	31.6
23.82	20.9	0.5644	31.650000000000002
90.42	-18.86	-1.0589	31.700000000000003
62.36	84.56	0.6767	31.750000000000004
-135.68	69.76	43.4	31.8
-36.52	-56.18	0.7056	31.85
-178.0	-26.76	0.0774	31.900000000000002
-127.38	-27.86	0.1652	31.950000000000003
-8.64	4.58	20.9385	32.0
76.38	-46.9	6.2615	32.05
5.4	-26.86	1.1341	32.1
-182.28	159.92	2.5901	32.15
-222.26	-13.8	-0.0674	32.199999999999996
-145.58	15.46	-0.5236	32.25
163.38	97.62	0.4533	32.3
-26.94	30.38	1.9559	32.35
-110.6	42.12	-4.0349	32.4
-99.96	-1.86	-0.1569	32.449999999999996
34.26	-20.46	7.173	32.5
-63.82	-3.4	-0.0845	32.55
-198.24	64.72	-2.4577	32.6
-54.7	-5.94	0.0141	32.65
-143.56	65.5	-12.7159	32.699999999999996
294.12	-43.5	-0.7041	32.75
-96.8	-50.42	0.4123	32.8
-71.48	-15.54	0.1637	32.85
-245.7	107.7	-8.7307	32.9
-106.1	-35.66	0.2824	32.949999999999996
-215.46	4.78	-0.2557	33.0
-99.76	0.22	-0.2053	33.05
37.94	-29.52	3.1577	33.1
-246.74	-55.4	0.1719	33.15
8.74	-11.22	1.7655	33.199999999999996
-5.4	-10.6	0.7564	33.25
107.08	31.3	0.2427	33.3
-40.56	-13.14	0.2718	33.35
129.86	-37.52	-1.8426	33.4
-1.1	-126.76	0.9948	33.449999999999996
22.4	33.24	0.6976	33.5
-10.86	-7.4	0.4921	33.55
18.56	-15.14	2.9003	33.6
-313.42	40.98	-0.6249	33.65
-54.72	-72.72	0.6719	33.699999999999996
-42.72	44.12	2.1262	33.75
-19.3	-102.66	0.8969	33.8
-183.8	14.64	-0.4274	33.85
88.1	63.4	0.5081	33.9
61.94	-41.64	4.483	33.949999999999996
61.76	45.76	0.5165	34.0
51.22	121.3	0.7908	34.05
34.58	-25.44	3.5458	34.1
-186.58	-20.32	0.0146	34.15
-237.54	-32.86	0.0601	34.199999999999996
46.28	-95.84	1.382	34.25
-23.98	-51.88	0.7747	34.3
-239.94	7.58	-0.2809	34.35
75.0	38.12	0.4049	34.4
-182.92	0.96	-0.2127	34.449999999999996
-126.52	-41.52	0.2755	34.5
28.72	94.42	0.8416	34.55
-58.42	46.34	3.0462	34.6
-6.82	-91.76	0.957	34.65
-319.72	40.88	-0.6123	34.699999999999996
-91.8	31.44	-2.8091	34.75
-176.38	32.72	-0.9078	34.8
-72.66	13.68	-0.9248	34.85
-39.44	21.28	16.1692	34.9
-10.38	-59.78	0.9041	34.949999999999996
-150.42	40.24	-1.5808	35.0
-181.24	5.62	-0.2793	35.05
-159.34	18.74	-0.5691	35.1
66.6	77.82	0.6404	35.15
-152.6	154.92	2.1646	35.199999999999996
-33.66	43.22	1.7653	35.25
-140.92	130.72	2.4031	35.3
132.64	8.98	-0.0569	35.35
-49.38	57.16	1.9125	35.4
-74.96	83.2	1.9837	35.449999999999996
-53.04	-16.2	0.2551	35.5
-193.58	146.58	3.3328	35.55
39.94	43.06	0.6198	35.6
-332.92	120.36	-3.333	35.65
-102.22	30.56	-1.9845	35.699999999999996
-171.54	-37.46	0.1648	35.75
25.56	-7.94	-2.1686	35.8
-162.5	40.52	-1.3938	35.85
-127.44	76.94	6.784	35.9
-15.7	-9.9	0.4693	35.949999999999996
40.4	-60.86	1.5962	36.0
78.82	10.84	0.0589	36.05
-141.82	55.66	-4.5798	36.1
-176.52	-16.22	-0.0137	36.15
-15.72	20.94	1.7211	36.199999999999996
-121.82	72.1	7.5319	36.25
-100.94	94.22	2.3843	36.3
-121.38	-134.9	0.6276	36.35
-119.18	45.92	-4.231	36.4
-9.92	-23.98	0.7943	36.449999999999996
-8.28	-11.46	0.6815	36.5
-54.02	-34.02	0.4689	36.55
317.28	56.78	0.1163	36.6
120.86	-45.38	-3.8183	36.65
-76.72	29.02	-3.9285	36.699999999999996
-34.52	78.98	1.3356	36.75
-84.02	21.64	-1.4748	36.8
-147.94	33.92	-1.2163	36.85
-103.46	50.92	-75.637	36.9
-54.16	-59.1	0.6229	36.949999999999996
31.94	-22.3	4.0275	37.0
-86.04	111.44	1.7545	37.05
-149.5	12.44	-0.4396	37.1
238.88	-7.2	-0.277	37.15
-128.86	-11.5	-0.0183	37.199999999999996
132.0	-5.08	-0.3001	37.25
47.12	-100.28	1.3685	37.3
-142.28	-37.28	0.2126	37.35
-163.48	-74.0	0.3702	37.4
10.42	19.3	0.7449	37.449999999999996
54.12	59.36	0.6243	37.5
131.64	-21.32	-0.7749	37.55
-26.3	-95.02	0.8541	37.6
147.22	16.14	0.0158	37.65
201.42	-18.92	-0.4776	37.699999999999996
1.58	-56.42	1.017	37.75
-55.96	-97.82	0.7331	37.8
83.04	-99.38	1.8611	37.85
85.7	-24.06	-1.7366	37.9
142.9	26.34	0.1232	37.949999999999996
-83.22	64.16	3.2143	38.0
116.78	55.4	0.3842	38.05
-48.78	-10.38	0.1582	38.1
41.54	-50.4	1.8412	38.15
103.72	66.36	0.4736	38.199999999999996
115.76	-118.7	2.142	38.25
322.18	-69.12	-1.1019	38.3
-20.48	15.28	3.4381	38.35
207.56	-18.06	-0.4528	38.4
-108.76	90.24	2.8197	38.45
-26.64	14.76	12.1	38.5
33.9	-27.16	2.9922	38.55
-59.0	12.32	-1.0605	38.6
178.08	-63.7	-3.2166	38.65
50.06	-25.66	48.6762	38.7
30.1	-113.76	1.183	38.75
155.12	74.4	0.3875	38.8
175.78	-62.92	-3.2238	38.85
-202.96	41.18	-1.0195	38.9
-12.1	52.5	1.1563	38.95
112.44	59.44	0.4167	39.0
-103.1	7.06	-0.3904	39.05
-148.24	-14.42	-0.0046	39.1
51.74	70.02	0.6763	39.15
5.52	-17.62	1.2229	39.2
53.9	86.06	0.7138	39.25
-138.5	94.26	4.3227	39.3
-245.08	6.06	-0.2624	39.35
135.22	-7.22	-0.3435	39.4
-341.26	-16.58	-0.0937	39.45
308.08	-81.4	-1.5447	39.5
-139.54	-4.08	-0.1337	39.55
-36.12	-6.2	0.1067	39.6
191.88	45.82	0.1879	39.65
-85.88	-61.24	0.5054	39.7
-40.62	-32.56	0.539	39.75
-169.48	-20.84	0.0369	39.8
-167.82	-11.66	-0.0536	39.85
-199.9	-24.24	0.0342	39.9
368.02	55.62	0.0785	39.95
701.02	105.68	0.078	40.0
