E T I
0.12 1 1
0.38 2 1
0.37 3 1
0.36 4 1
0.40 5 1
0.58 6 1
0.45 7 1
0.37 8 1
0.68 9 1
0.68 10 1
0.28 11 1
0.52 12 1
0.55 13 1
0.34 14 1
0.44 15 1
0.75 16 1
0.60 17 1
0.59 18 1
0.59 19 1
0.48 20 1
0.87 21 1
0.52 22 1
0.52 23 1
0.56 24 1
0.69 25 1
0.40 26 1
0.68 27 1
0.51 28 1
0.44 29 1
0.50 30 1
0.59 31 1
1.06 32 1
0.47 33 1
0.77 34 1
0.74 35 1
0.52 36 1
0.45 37 1
3.35 38 1
0.35 39 1
0.60 40 1
0.49 41 1
0.84 42 1
1.89 43 1
1.09 44 1
0.20 45 1
0.54 46 1
0.37 47 1
0.46 48 1
0.23 49 1
0.49 50 1
0.60 51 1
0.64 52 1
0.78 53 1
0.90 54 1
0.58 55 1
1.77 56 1
0.72 57 1
0.76 58 1
0.72 59 1
0.56 60 1
0.34 61 1
0.18 62 1
0.56 63 1
0.58 64 1
0.59 65 1
0.56 66 1
0.66 67 1
0.75 68 1
0.78 69 1
0.74 70 1
0.49 71 1
0.86 72 1
0.85 73 1
0.94 74 1
0.74 75 1
0.82 76 1
0.66 77 1
0.61 78 1
0.60 79 1
0.82 80 1
1.31 81 1
0.65 82 1
0.49 83 1
0.55 84 1
0.45 85 1
0.41 86 1
0.32 87 1
0.49 88 1
0.70 89 1
0.54 90 1
0.41 91 1
0.40 92 1
0.84 93 1
0.44 94 1
0.56 95 1
0.44 96 1
0.83 97 1
0.45 98 1
0.34 99 1
0.21 100 1
0.64 101 1
0.99 102 1
0.84 103 1
0.80 104 1
0.49 105 1
1.06 106 1
0.66 107 1
0.92 108 1
0.49 109 1
0.43 110 1
0.56 111 1
0.53 112 1
1.40 113 1
0.51 114 1
1.08 115 1
0.51 116 1
0.71 117 1
0.89 118 1
0.42 119 1
0.83 120 1
0.83 121 1
0.80 122 1
0.71 123 1
0.38 124 1
0.56 125 1
0.35 126 1
0.71 127 1
0.53 128 1
0.75 129 1
1.57 130 1
0.85 131 1
0.57 132 1
1.50 133 1
0.87 134 1
0.31 135 1
0.54 136 1
0.70 137 1
0.88 138 1
0.81 139 1
0.77 140 1
0.56 141 1
0.68 142 1
0.38 143 1
0.62 144 1
0.19 145 1
0.90 146 1
0.46 147 1
0.38 148 1
1.53 149 1
1.30 150 1
0.39 151 1
0.49 152 1
0.42 153 1
0.75 154 1
0.74 155 1
1.04 156 1
0.99 157 1
1.05 158 1
0.72 159 1
0.41 160 1
0.84 161 1
0.89 162 1
0.56 163 1
1.25 164 1
0.85 165 1
0.60 166 1
0.66 167 1
0.49 168 1
0.44 169 1
0.53 170 1
0.71 171 1
0.41 172 1
0.40 173 1
0.52 174 1
0.48 175 1
0.48 176 1
0.81 177 1
0.47 178 1
0.75 179 1
0.69 180 1
1.94 181 1
0.33 182 1
1.21 183 1
1.34 184 1
0.64 185 1
0.51 186 1
0.57 187 1
0.08 188 1
0.33 189 1
0.83 190 1
0.55 191 1
0.76 192 1
0.69 193 1
0.62 194 1
0.75 195 1
0.85 196 1
4.11 197 1
0.70 198 1
0.90 199 1
0.55 200 1
0.64 201 1
0.72 202 1
0.60 203 1
0.78 204 1
2.47 205 1
0.66 206 1
0.72 207 1
0.95 208 1
1.37 209 1
1.23 210 1
0.71 211 1
0.49 212 1
0.54 213 1
0.18 214 1
0.76 215 1
0.74 216 1
0.33 217 1
0.73 218 1
0.56 219 1
0.64 220 1
0.71 221 1
0.53 222 1
0.56 223 1
1.03 224 1
0.72 225 1
0.60 226 1
0.49 227 1
0.76 228 1
0.63 229 1
1.07 230 1
0.69 231 1
0.24 232 1
0.72 233 1
0.68 234 1
0.55 235 1
0.45 236 1
0.51 237 1
0.93 238 1
0.92 239 1
0.70 240 1
1.28 241 1
0.51 242 1
0.87 243 1
0.81 244 1
0.24 245 1
0.59 246 1
0.46 247 1
0.59 248 1
0.64 249 1
0.61 250 1
0.78 251 1
0.86 252 1
0.48 253 1
0.82 254 1
1.01 255 1
0.54 256 1
0.25 257 1
0.81 258 1
0.56 259 1
0.78 260 1
1.46 261 1
0.39 262 1
0.71 263 1
0.54 264 1
0.86 265 1
0.28 266 1
0.59 267 1
0.58 268 1
0.80 269 1
0.86 270 1
0.71 271 1
0.74 272 1
0.75 273 1
0.63 274 1
0.50 275 1
0.48 276 1
0.68 277 1
0.48 278 1
0.24 279 1
1.02 280 1
0.58 281 1
0.66 282 1
0.75 283 1
0.81 284 1
0.53 285 1
0.56 286 1
0.65 287 1
0.33 288 1
0.41 289 1
0.49 290 1
0.57 291 1
0.68 292 1
0.62 293 1
0.97 294 1
0.77 295 1
0.96 296 1
0.63 297 1
0.89 298 1
0.63 299 1
0.65 300 1
0.75 301 1
0.76 302 1
0.28 303 1
0.45 304 1
0.43 305 1
0.21 306 1
0.30 307 1
0.70 308 1
0.64 309 1
0.51 310 1
1.14 311 1
0.54 312 1
1.06 313 1
0.73 314 1
0.71 315 1
0.48 316 1
0.77 317 1
0.40 318 1
0.04 319 1
0.45 320 1
0.61 321 1
0.88 322 1
1.42 323 1
1.06 324 1
0.38 325 1
0.64 326 1
0.46 327 1
0.88 328 1
0.53 329 1
0.55 330 1
0.63 331 1
0.78 332 1
0.52 333 1
0.45 334 1
0.63 335 1
0.49 336 1
0.39 337 1
0.76 338 1
0.51 339 1
0.36 340 1
0.81 341 1
0.67 342 1
0.89 343 1
0.69 344 1
1.04 345 1
1.10 346 1
1.48 347 1
1.32 348 1
1.42 349 1
0.92 350 1
0.53 351 1
1.01 352 1
0.68 353 1
1.20 354 1
0.86 355 1
0.70 356 1
1.94 357 1
0.59 358 1
0.97 359 1
0.25 360 1
0.13 361 1
0.44 362 1
0.42 363 1
0.63 364 1
0.48 365 1
0.69 366 1
0.00 367 1
0.72 368 1
0.34 369 1
0.63 370 1
0.36 371 1
1.10 372 1
0.87 373 1
0.77 374 1
0.71 375 1
0.19 376 1
0.23 377 1
0.77 378 1
0.56 379 1
1.53 380 1
1.20 381 1
0.65 382 1
0.45 383 1
0.63 384 1
0.67 385 1
0.57 386 1
-0.35 387 1
0.42 388 1
0.37 389 1
0.59 390 1
0.70 391 1
0.69 392 1
0.71 393 1
0.29 394 1
0.56 395 1
0.62 396 1
0.54 397 1
0.87 398 1
0.67 399 1
0.38 400 1
0.40 401 1
0.82 402 1
0.54 403 1
0.88 404 1
0.21 405 1
0.42 406 1
0.74 407 1
0.92 408 1
0.75 409 1
0.74 410 1
0.92 411 1
1.12 412 1
0.22 413 1
0.71 414 1
0.56 415 1
0.42 416 1
0.55 417 1
0.77 418 1
1.08 419 1
0.62 420 1
0.63 421 1
0.27 422 1
0.69 423 1
0.92 424 1
0.48 425 1
0.82 426 1
0.84 427 1
0.53 428 1
0.81 429 1
1.02 430 1
0.63 431 1
0.66 432 1
0.59 433 1
0.34 434 1
0.57 435 1
0.80 436 1
1.17 437 1
1.00 438 1
0.70 439 1
0.66 440 1
0.51 441 1
0.73 442 1
0.48 443 1
0.47 444 1
0.46 445 1
0.50 446 1
0.52 447 1
0.71 448 1
0.48 449 1
0.62 450 1
0.89 451 1
1.05 452 1
0.78 453 1
0.79 454 1
0.84 455 1
0.51 456 1
0.64 457 1
0.40 458 1
0.67 459 1
0.82 460 1
0.76 461 1
0.38 546 1
0.73 547 1
-0.10 548 1
0.35 549 1
1.14 550 1
1.74 551 1
0.77 552 1
0.25 553 1
0.38 554 1
0.58 555 1
0.31 556 1
0.60 557 1
0.59 558 1
0.42 559 1
0.55 560 1
0.52 561 1
0.57 562 1
0.56 563 1
0.48 564 1
0.37 565 1
0.47 566 1
0.73 567 1
0.84 568 1
0.89 569 1
0.58 570 1
0.79 571 1
0.81 572 1
0.72 573 1
0.90 574 1
0.55 575 1
0.33 576 1
1.40 577 1
0.65 578 1
0.62 579 1
0.81 580 1
0.75 581 1
0.63 582 1
6.15 583 1
1.16 584 1
0.66 585 1
0.67 586 1
1.41 587 1
1.23 588 1
0.66 589 1
0.64 590 1
0.71 591 1
0.54 592 1
0.73 593 1
0.32 594 1
0.68 595 1
0.61 596 1
0.80 597 1
0.56 598 1
0.47 599 1
1.01 600 1
0.92 601 1
0.83 602 1
0.96 603 1
0.62 604 1
0.37 605 1
0.65 606 1
0.36 607 1
0.54 608 1
0.68 609 1
0.56 610 1
0.48 611 1
0.65 612 1
0.50 613 1
0.73 614 1
0.53 615 1
0.61 616 1
0.59 617 1
0.93 618 1
0.28 640 1
0.14 641 1
-0.14 642 1
0.05 643 1
-0.50 644 1
0.13 645 1
0.27 646 1
0.25 647 1
-0.47 648 1
-0.18 649 1
0.12 650 1
-0.02 651 1
0.02 652 1
0.01 653 1
0.07 654 1
0.51 655 1
0.49 656 1
0.20 657 1
0.19 658 1
0.30 659 1
-0.19 660 1
-0.14 661 1
0.19 662 1
-1.55 663 1
-0.15 664 1
-0.72 665 1
0.05 666 1
0.28 667 1
-0.06 668 1
0.10 669 1
-0.15 670 1
0.09 671 1
-0.04 672 1
0.09 673 1
0.08 674 1
-0.16 675 1
-0.18 676 1
-0.29 677 1
0.17 678 1
0.10 679 1
0.00 680 1
0.06 681 1
-0.34 682 1
0.11 683 1
-0.22 684 1
0.12 685 1
-0.43 686 1
0.17 687 1
0.42 688 1
-0.01 689 1
0.15 690 1
0.14 691 1
0.02 692 1
-0.11 693 1
0.02 694 1
0.02 695 1
0.22 696 1
-0.08 697 1
0.03 698 1
0.11 699 1
0.18 700 1
-0.30 701 1
0.26 702 1
-0.06 703 1
0.56 704 1
0.09 705 1
-0.03 734 1
0.14 735 1
0.36 736 1
0.18 737 1
0.64 738 1
0.24 739 1
0.18 740 1
0.34 741 1
-0.02 742 1
0.54 812 2
0.83 813 2
0.64 814 2
0.63 815 2
0.80 816 2
0.58 817 2
0.83 818 2
0.86 819 2
0.64 820 2
0.61 821 2
0.75 822 2
0.65 823 2
0.68 824 2
0.87 825 2
0.70 826 2
0.95 827 2
0.62 828 2
0.70 829 2
0.68 830 2
0.71 831 2
0.55 832 2
0.62 833 2
0.59 834 2
0.72 835 2
0.57 836 2
0.71 837 2
0.73 838 2
0.56 839 2
1.00 840 2
0.87 841 2
0.64 842 2
0.85 843 2
0.79 844 2
0.69 845 2
0.94 846 2
0.86 847 2
0.83 848 2
0.90 849 2
0.79 850 2
0.75 851 2
0.70 852 2
0.77 853 2
0.71 854 2
0.66 855 2
0.77 856 2
0.79 857 2
0.65 858 2
0.71 859 2
0.90 860 2
0.80 861 2
0.69 862 2
0.68 863 2
0.79 864 2
0.83 865 2
0.67 866 2
0.90 867 2
0.54 868 2
0.62 869 2
0.75 870 2
0.63 871 2
0.71 872 2
0.57 873 2
0.56 874 2
0.74 875 2
0.71 876 2
0.82 877 2
0.66 878 2
0.66 879 2
0.72 880 2
0.76 881 2
0.69 882 2
0.61 883 2
0.91 884 2
0.66 885 2
0.55 886 2
0.55 887 2
0.80 888 2
0.58 889 2
0.80 890 2
0.71 891 2
0.62 892 2
0.84 893 2
0.48 894 2
0.44 895 2
0.79 896 2
0.63 897 2
0.69 898 2
0.62 899 2
0.58 900 2
0.56 901 2
0.50 902 2
0.55 903 2
0.79 904 2
0.23 905 2
0.25 906 2
0.15 907 2
0.02 908 2
0.26 909 2
0.08 910 2
-0.03 911 2
0.39 912 2
0.46 913 2
0.27 914 2
0.29 915 2
0.30 916 2
-0.01 917 2
0.19 918 2
0.10 919 2
0.15 920 2
0.11 921 2
-0.04 922 2
-0.20 923 2
-0.08 924 2
0.06 925 2
-0.05 926 2
0.21 927 2
0.35 928 2
0.17 929 2
0.08 930 2
0.54 931 2
0.22 932 2
-0.08 933 2
0.04 934 2
0.47 935 2
0.08 936 2
0.12 937 2
0.21 938 2
0.03 939 2
0.16 940 2
0.05 941 2
0.07 942 2
0.22 943 2
0.20 944 2
0.06 945 2
0.35 946 2
0.00 947 2
0.10 948 2
-0.26 949 2
0.14 950 2
0.05 951 2
-0.12 952 2
-0.05 953 2
0.09 954 2
-0.14 955 2
-0.04 956 2
0.22 957 2
0.12 958 2
0.26 959 2
0.41 960 2
0.14 961 2
-0.15 962 2
0.10 963 2
0.04 964 2
0.15 965 2
0.07 966 2
0.27 967 2
0.25 968 2
0.07 969 2
0.11 970 2
0.12 971 2
0.24 972 2
0.45 973 2
0.25 974 2
0.06 975 2
0.09 976 2
-0.08 977 2
0.12 978 2
0.17 979 2
0.17 980 2
0.18 981 2
0.38 982 2
0.11 983 2
-0.27 984 2
0.09 985 2
0.00 986 2
0.09 987 2
0.13 988 2
0.28 989 2
0.01 990 2
0.18 991 2
0.29 992 2
-0.26 993 2
-0.08 994 2
0.08 995 2
0.24 996 2
0.02 997 2
0.28 998 2
0.21 999 2
0.07 1000 2
0.03 1001 2
-0.25 1002 2
0.02 1003 2
0.02 1004 2
0.17 1005 2
0.06 1006 2
-0.00 1007 2
-0.20 1008 2
-0.14 1009 2
-0.08 1010 2
-0.01 1011 2
0.12 1012 2
0.16 1013 2
0.07 1014 2
0.09 1015 2
0.35 1016 2
-0.04 1169 2
0.11 1170 2
0.37 1171 2
0.83 1172 2
0.25 1173 2
0.22 1174 2
0.28 1175 2
0.07 1176 2
0.11 1503 2
-0.05 1577 2
0.21 1578 2
0.21 1579 2
0.28 1580 2
0.49 1581 2
0.00 1582 2
0.02 1583 2
0.34 1584 2
0.38 1585 2
-0.19 1586 2
0.31 1587 2
0.63 1588 2
0.73 1589 2
0.44 1590 2
0.50 1591 2
0.19 1592 2
-0.15 1593 2
0.20 1594 2
-0.01 1595 2
0.11 1596 2
0.05 1597 2
0.17 1598 2
0.06 1599 2
0.08 1600 2
0.62 1601 3
0.67 1602 3
0.96 1603 3
1.24 1604 3
1.00 1605 3
0.97 1606 3
0.81 1607 3
0.96 1608 3
0.74 1609 3
1.03 1610 3
0.83 1611 3
0.83 1612 3
0.80 1613 3
0.75 1614 3
0.88 1615 3
0.93 1616 3
0.84 1617 3
0.98 1618 3
0.76 1619 3
0.75 1620 3
0.84 1621 3
0.87 1622 3
1.06 1623 3
0.98 1624 3
0.71 1625 3
0.74 1626 3
0.78 1627 3
-0.16 1654 3
0.18 1655 3
-0.16 1656 3
-0.04 1657 3
-0.06 1658 3
-0.07 1659 3
-0.15 1660 3
-0.06 1661 3
0.00 1662 3
-0.00 1663 3
0.91 2413 4
1.36 2414 4
0.65 2415 4
0.69 2416 4
1.08 2417 4
0.74 2418 4
0.84 2419 4
0.60 2420 4
0.52 2421 4
0.73 2422 4
0.41 2423 4
0.75 2424 4
0.83 2425 4
0.90 2426 4
0.65 2427 4
0.42 2428 4
0.30 2429 4
4.47 2430 4
1.64 2431 4
0.21 2432 4
0.92 2433 4
0.23 2434 4
0.92 2435 4
0.70 2436 4
1.08 2437 4
0.96 2438 4
0.83 2439 4
0.54 2440 4
0.62 2441 4
0.69 2442 4
0.70 2443 4
0.90 2444 4
0.85 2445 4
0.84 2446 4
0.61 2447 4
0.83 2448 4
0.57 2449 4
0.92 2450 4
0.56 2451 4
0.76 2452 4
0.40 2453 4
0.93 2454 4
0.66 2455 4
0.67 2456 4
0.76 2457 4
0.60 2458 4
0.76 2459 4
0.63 2460 4
0.83 2461 4
0.44 2462 4
0.67 2463 4
0.89 2464 4
0.70 2465 4
0.76 2466 4
1.03 2467 4
0.88 2468 4
1.14 2469 4
0.82 2470 4
1.02 2471 4
0.80 2472 4
1.18 2473 4
0.56 2474 4
0.62 2475 4
1.09 2476 4
0.70 2477 4
0.67 2478 4
0.61 2479 4
0.80 2480 4
0.56 2481 4
0.85 2482 4
0.57 2483 4
0.60 2484 4
0.80 2485 4
0.91 2486 4
0.97 2487 4
0.69 2488 4
0.69 2489 4
0.95 2490 4
0.68 2491 4
0.74 2492 4
0.93 2493 4
0.83 2494 4
0.62 2495 4
0.63 2496 4
0.72 2497 4
0.62 2498 4
0.58 2499 4
0.54 2500 4
0.95 2501 4
1.25 2502 4
0.52 2503 4
0.52 2504 4
0.68 2505 4
0.73 2506 4
0.68 2507 4
0.61 2508 4
0.76 2509 4
0.54 2510 4
0.73 2511 4
0.64 2512 4
0.52 2513 4
0.63 2514 4
0.73 2515 4
0.76 2516 4
0.67 2517 4
0.75 2518 4
0.59 2519 4
0.40 2520 4
0.89 2521 4
0.80 2522 4
0.96 2523 4
0.74 2524 4
0.82 2525 4
0.82 2526 4
0.76 2527 4
0.92 2528 4
0.75 2529 4
0.63 2530 4
0.87 2531 4
0.45 2532 4
-0.15 2533 4
0.67 2534 4
0.73 2535 4
0.42 2536 4
1.04 2537 4
0.75 2538 4
0.63 2539 4
0.79 2540 4
0.75 2541 4
0.86 2542 4
0.72 2543 4
0.40 2544 4
0.82 2545 4
0.76 2546 4
0.48 2547 4
0.94 2548 4
0.59 2549 4
0.73 2550 4
0.73 2551 4
0.81 2552 4
0.53 2553 4
0.68 2554 4
0.45 2555 4
0.80 2556 4
0.53 2557 4
0.81 2558 4
0.85 2559 4
0.54 2560 4
0.49 2561 4
0.68 2562 4
0.45 2563 4
0.83 2564 4
0.55 2565 4
0.42 2566 4
0.47 2567 4
0.56 2568 4
0.73 2569 4
0.89 2570 4
0.98 2571 4
0.62 2572 4
0.77 2573 4
0.86 2574 4
0.74 2575 4
0.72 2576 4
0.42 2577 4
0.84 2578 4
0.47 2579 4
0.71 2580 4
0.61 2581 4
0.50 2582 4
0.38 2583 4
0.59 2584 4
-0.07 2585 4
0.18 2586 4
0.63 2587 4
0.78 2588 4
0.74 2589 4
0.50 2590 4
0.37 2591 4
0.35 2592 4
0.54 2593 4
0.31 2594 4
0.65 2595 4
0.59 2596 4
2.28 2597 4
0.72 2598 4
1.01 2599 4
0.63 2600 4
0.13 2601 4
0.72 2602 4
0.59 2603 4
0.57 2604 4
0.58 2605 4
0.60 2606 4
0.68 2607 4
1.56 2608 4
0.53 2609 4
0.43 2610 4
0.60 2611 4
0.99 2612 4
0.65 2613 4
0.75 2614 4
0.86 2615 4
1.27 2616 4
0.79 2617 4
0.56 2618 4
0.83 2619 4
0.01 2620 4
-0.08 2674 4
-0.01 2675 4
-0.18 2676 4
-0.18 2677 4
-0.09 2678 4
-0.07 2679 4
-0.02 2680 4
-0.03 2681 4
-0.28 2682 4
-0.20 2683 4
0.05 2684 4
0.01 2685 4
-0.06 2686 4
0.05 2687 4
0.86 3217 5
0.31 3218 5
1.00 3219 5
-0.45 3220 5
0.48 3221 5
-1.16 3222 5
0.31 3223 5
-0.46 3224 5
0.06 3225 5
0.19 3226 5
0.12 3227 5
0.63 3228 5
0.12 3229 5
0.10 3230 5
0.60 3231 5
0.25 3232 5
-0.41 3233 5
0.36 3234 5
-0.03 3235 5
0.01 3236 5
-0.07 3237 5
0.00 3238 5
-0.08 3239 5
0.36 3240 5
0.21 3241 5
-0.08 3242 5
-0.24 3243 5
0.17 3244 5
-0.28 3245 5
-0.17 3246 5
0.01 3247 5
0.05 3248 5
-0.20 3249 5
-0.19 3250 5
-0.34 3251 5
-0.04 3252 5
-0.16 3253 5
-0.11 3254 5
-0.12 3255 5
-0.14 3284 5
0.01 3285 5
-0.00 3286 5
-0.19 3287 5
0.10 3323 5
-0.05 3324 5
-0.20 3325 5
-0.09 3326 5
-0.04 3359 5
0.15 3360 5
-0.07 3361 5
0.08 3362 5
-0.08 3363 5
0.08 3364 5
-0.10 3365 5
0.00 3366 5
-0.08 3367 5
0.09 3368 5
0.08 3369 5
0.12 3370 5
0.04 3371 5
-0.00 3372 5
-0.01 3373 5
-0.14 3374 5
0.03 3375 5
-0.18 3376 5
-0.18 3377 5
-0.34 3378 5
0.00 3379 5
0.04 3380 5
-0.00 3381 5
-0.07 3382 5
-0.14 3383 5
0.03 3384 5
-0.14 3385 5
-0.15 3386 5
-0.15 3387 5
0.00 3388 5
-0.25 3389 5
-0.07 3390 5
0.05 3391 5
0.04 3392 5
-0.09 3393 5
-0.28 3394 5
-0.15 3395 5
-0.11 3396 5
0.11 3397 5
-0.05 3398 5
-0.06 3399 5
-0.41 3400 5
-0.02 3401 5
0.06 3402 5
-0.11 3403 5
0.05 3404 5
-0.02 3405 5
-0.16 3406 5
0.81 4011 6
0.97 4012 6
0.86 4013 6
0.89 4014 6
1.01 4015 6
0.80 4016 6
0.78 4017 6
0.93 4018 6
0.56 4019 6
0.85 4020 6
0.46 4021 6
1.07 4022 6
0.85 4023 6
0.74 4024 6
0.89 4025 6
0.20 4026 6
0.41 4027 6
0.23 4028 6
0.00 4029 6
-0.09 4050 6
-0.03 4051 6
-0.01 4052 6
0.19 4053 6
-0.00 4054 6
0.13 4055 6
0.18 4056 6
-0.10 4057 6
0.13 4058 6
0.01 4059 6
0.00 4060 6
-0.05 4061 6
-0.04 4062 6
-0.00 4063 6
-0.27 4064 6
-0.10 4065 6
-0.07 4066 6
0.02 4067 6
0.09 4068 6
0.04 4069 6
0.13 4070 6
0.10 4071 6
-0.02 4072 6
0.17 4848 7
0.18 4849 7
-0.04 4850 7
0.16 4851 7
0.12 4852 7
-0.00 4853 7
0.02 4854 7
0.25 4855 7
0.17 4856 7
0.06 4857 7
-0.06 4858 7
0.03 4859 7
0.11 4860 7
0.13 4861 7
-0.03 4862 7
0.02 4863 7
0.11 4864 7
-0.02 4865 7
-0.11 4866 7
-0.08 4867 7
-0.00 4868 7
0.02 4869 7
0.10 4870 7
-0.01 4871 7
-0.08 4872 7
0.33 4873 7
0.03 4874 7
0.64 4875 7
-0.04 4876 7
0.26 4877 7
1.17 4878 7
0.13 4879 7
0.15 4880 7
0.76 4881 7
-0.27 4882 7
0.24 4883 7
-0.09 4884 7
0.47 4885 7
0.75 4886 7
0.31 4887 7
0.40 4888 7
0.64 5612 8
0.70 5613 8
0.60 5614 8
0.69 5615 8
0.66 5616 8
0.70 5617 8
0.68 5618 8
0.61 5619 8
0.76 5620 8
0.64 5621 8
0.50 5622 8
0.71 5623 8
0.60 5624 8
0.64 5625 8
0.83 5626 8
0.75 5627 8
0.77 5628 8
0.57 5629 8
0.58 5630 8
0.70 5631 8
0.81 5632 8
0.70 5633 8
0.74 5634 8
0.58 5635 8
0.49 5636 8
0.35 5637 8
0.46 5638 8
0.80 5639 8
0.82 5640 8
0.76 5641 8
0.69 5642 8
0.72 5643 8
0.91 5644 8
0.73 5645 8
0.63 5646 8
0.71 5647 8
0.71 5648 8
0.62 5649 8
0.73 5650 8
0.79 5651 8
0.68 5652 8
0.65 5653 8
0.58 5654 8
0.86 5655 8
0.70 5656 8
0.64 5657 8
0.75 5658 8
0.61 5659 8
0.67 5660 8
0.88 5661 8
0.91 5662 8
0.58 5663 8
0.72 5664 8
0.63 5665 8
0.65 5666 8
0.63 5667 8
0.83 5668 8
0.87 5669 8
1.04 5670 8
0.84 5671 8
0.84 5672 8
0.83 5673 8
0.87 5674 8
0.89 5675 8
0.93 5676 8
0.61 5677 8
0.73 5678 8
0.87 5679 8
0.93 5680 8
0.78 5681 8
0.73 5682 8
1.04 5683 8
0.59 5684 8
0.59 5685 8
0.65 5686 8
0.94 5687 8
0.64 5688 8
0.86 5689 8
0.86 5690 8
0.97 5691 8
1.03 5692 8
0.92 5693 8
0.86 5694 8
0.68 5695 8
0.73 5696 8
0.85 5697 8
1.00 5698 8
0.70 5699 8
0.80 5700 8
0.98 5701 8
1.16 5702 8
0.88 5703 8
0.88 5704 8
0.86 5705 8
0.80 5706 8
0.57 5707 8
0.74 5708 8
0.75 5709 8
0.71 5710 8
1.00 5711 8
0.67 5712 8
0.76 5713 8
0.82 5714 8
0.72 5715 8
0.75 5716 8
0.51 5717 8
0.85 5718 8
0.84 5719 8
0.63 5720 8
0.82 5721 8
0.53 5722 8
0.78 5723 8
0.54 5724 8
0.72 5725 8
0.56 5726 8
0.65 5727 8
0.91 5728 8
0.84 5729 8
0.91 5730 8
0.82 5731 8
0.78 5732 8
0.92 5733 8
0.74 5734 8
1.22 5735 8
0.78 5736 8
0.87 5737 8
0.87 5738 8
1.00 5739 8
0.71 5740 8
0.91 5741 8
0.64 5742 8
0.79 5743 8
0.84 5744 8
0.65 5745 8
0.73 5746 8
0.92 5747 8
0.96 5748 8
0.95 5749 8
0.78 5750 8
0.85 5751 8
0.70 5752 8
0.78 5753 8
0.61 5754 8
0.65 5755 8
0.97 5756 8
0.73 5757 8
0.64 5758 8
0.74 5759 8
0.73 5760 8
0.62 5761 8
0.60 5762 8
0.73 5763 8
0.97 5764 8
0.82 5765 8
0.74 5766 8
0.78 5767 8
0.60 5768 8
0.76 5769 8
0.82 5770 8
0.76 5771 8
0.66 5772 8
0.69 5773 8
0.98 5774 8
1.16 5775 8
0.55 5776 8
0.37 5777 8
0.61 5778 8
0.96 5779 8
0.81 5780 8
0.85 5781 8
0.90 5782 8
0.66 5783 8
0.77 5784 8
0.87 5785 8
0.78 5786 8
0.88 5787 8
0.74 5788 8
0.71 5789 8
0.80 5790 8
0.75 5791 8
0.79 5792 8
0.73 5793 8
0.69 5794 8
0.67 5795 8
0.71 5796 8
0.90 5797 8
0.89 5798 8
0.87 5799 8
0.94 5800 8
0.83 5801 8
0.68 5802 8
0.77 5803 8
0.73 5804 8
0.84 5805 8
0.80 5806 8
0.83 5807 8
0.52 5808 8
0.91 5809 8
0.87 5810 8
0.72 5811 8
0.75 5812 8
0.82 5813 8
0.69 5814 8
0.59 5815 8
0.68 5816 8
0.81 5817 8
0.94 5818 8
0.66 5819 8
0.93 5820 8
0.75 5821 8
0.58 5822 8
0.63 5823 8
0.83 5824 8
0.80 5825 8
0.84 5826 8
0.49 5827 8
0.83 5828 8
0.66 5829 8
0.80 5830 8
0.82 5831 8
0.61 5832 8
0.66 5833 8
0.66 5834 8
0.69 5835 8
0.65 5836 8
0.62 5837 8
0.74 5838 8
0.77 5839 8
0.91 5840 8
0.87 5841 8
0.86 5842 8
0.98 5843 8
0.70 5844 8
0.85 5845 8
0.64 5846 8
0.68 5847 8
0.90 5848 8
0.92 5849 8
0.97 5850 8
0.61 5851 8
1.03 5852 8
0.97 5853 8
0.77 5854 8
0.94 5855 8
0.87 5856 8
0.98 5857 8
0.85 5858 8
0.61 5859 8
0.81 5860 8
0.90 5861 8
0.73 5862 8
0.61 5863 8
0.40 5864 8
0.68 5865 8
0.91 5866 8
0.75 5867 8
0.79 5868 8
0.65 5869 8
0.74 5870 8
0.88 5871 8
0.86 5872 8
0.90 5873 8
0.90 5874 8
0.90 5875 8
0.72 5876 8
0.89 5877 8
0.83 5878 8
0.69 5879 8
0.75 5880 8
0.56 5881 8
0.63 5882 8
0.50 5883 8
0.84 5884 8
0.75 5885 8
0.75 5886 8
0.65 5887 8
0.55 5888 8
0.79 5889 8
0.81 5890 8
0.79 5891 8
0.91 5892 8
0.68 5893 8
0.80 5894 8
0.70 5895 8
0.63 5896 8
0.71 5897 8
0.81 5898 8
0.56 5899 8
0.74 5900 8
0.70 5901 8
0.71 5902 8
0.78 5903 8
0.85 5904 8
0.71 5905 8
0.87 5906 8
0.88 5907 8
0.76 5908 8
0.77 5909 8
0.69 5910 8
0.59 5911 8
1.38 5912 8
0.72 5913 8
0.87 5914 8
0.79 5915 8
0.85 5916 8
0.76 5917 8
0.74 5918 8
0.73 5919 8
0.69 5920 8
1.00 5921 8
0.74 5922 8
0.72 5923 8
0.65 5924 8
0.72 5925 8
0.94 5926 8
0.75 5927 8
0.58 5928 8
0.68 5929 8
0.48 5930 8
0.89 5931 8
0.70 5932 8
0.67 5933 8
0.57 5934 8
0.62 5935 8
0.55 5936 8
0.65 5937 8
0.82 5938 8
0.77 5939 8
0.70 5940 8
0.62 5941 8
1.13 5942 8
0.76 5943 8
0.87 5944 8
0.78 5945 8
0.75 5946 8
0.43 5947 8
0.77 5948 8
0.85 5949 8
0.69 5950 8
0.82 5951 8
0.61 5952 8
0.53 5953 8
0.67 5954 8
0.59 5955 8
0.62 5956 8
0.80 5957 8
0.83 5958 8
0.53 5959 8
0.54 5960 8
0.63 5961 8
0.75 5962 8
0.67 5963 8
0.80 5964 8
0.55 5965 8
0.78 5966 8
0.56 5967 8
1.00 5968 8
0.89 5969 8
0.67 5970 8
0.69 5971 8
0.80 5972 8
0.51 5973 8
0.70 5974 8
0.59 5975 8
0.73 5976 8
0.76 5977 8
0.71 5978 8
0.59 5979 8
0.84 5980 8
0.53 5981 8
0.84 5982 8
0.86 5983 8
0.69 5984 8
0.67 5985 8
0.67 5986 8
0.81 5987 8
0.76 5988 8
0.92 5989 8
0.98 6427 9
0.67 6428 9
0.64 6429 9
0.78 6430 9
0.48 6431 9
0.65 6432 9
0.56 6433 9
0.44 6434 9
0.87 6435 9
0.45 6436 9
0.62 6437 9
0.61 6438 9
0.67 6439 9
0.55 6440 9
1.02 6441 9
1.50 6442 9
0.25 6443 9
0.87 6444 9
0.44 6445 9
0.33 6446 9
1.07 6447 9
0.85 6448 9
0.55 6449 9
0.25 6450 9
0.48 6451 9
0.75 6452 9
0.60 6453 9
0.71 6454 9
0.79 6455 9
0.92 6456 9
0.90 6457 9
0.77 6458 9
0.73 6459 9
0.68 6460 9
0.63 6461 9
0.65 6462 9
0.59 6463 9
0.67 6464 9
0.57 6465 9
0.83 6466 9
0.59 6467 9
0.78 6468 9
0.75 6469 9
0.75 6470 9
0.91 6471 9
0.62 6472 9
0.70 6473 9
0.71 6474 9
0.78 6475 9
0.91 6476 9
0.91 6477 9
0.43 6478 9
0.83 6479 9
1.02 6480 9
0.90 6481 9
0.90 6482 9
1.27 6483 9
0.81 6484 9
0.72 6485 9
0.87 6486 9
0.68 6487 9
1.09 6488 9
1.31 6489 9
0.72 6490 9
0.77 6491 9
0.50 6492 9
0.60 6493 9
0.36 6494 9
0.73 6495 9
0.81 6496 9
0.90 6497 9
1.06 6498 9
0.65 6499 9
0.63 6500 9
0.82 6501 9
0.88 6502 9
0.77 6503 9
0.81 6504 9
0.83 6505 9
0.94 6506 9
0.71 6507 9
0.65 6508 9
0.63 6509 9
1.30 6510 9
1.12 6511 9
0.74 6512 9
1.16 6513 9
0.82 6514 9
0.62 6515 9
0.75 6516 9
1.07 6517 9
0.93 6518 9
0.82 6519 9
0.96 6520 9
0.44 6521 9
0.75 6522 9
0.75 6523 9
1.03 6524 9
0.74 6525 9
0.66 6526 9
0.84 6527 9
0.73 6528 9
0.85 6529 9
0.90 6530 9
0.72 6531 9
0.72 6532 9
0.88 6533 9
0.78 6534 9
1.00 6535 9
0.81 6536 9
1.06 6537 9
0.73 6538 9
0.81 6539 9
0.77 6540 9
0.76 6541 9
0.68 6542 9
0.84 6543 9
0.71 6544 9
0.65 6545 9
0.95 6546 9
0.84 6547 9
0.84 6548 9
0.97 6549 9
0.85 6550 9
0.62 6551 9
0.83 6552 9
0.70 6553 9
0.81 6554 9
0.84 6555 9
0.75 6556 9
0.97 6557 9
0.74 6558 9
0.69 6559 9
0.99 6560 9
0.59 6561 9
1.03 6562 9
0.86 6563 9
0.96 6564 9
0.75 6565 9
0.85 6566 9
1.11 6567 9
0.88 6568 9
0.72 6569 9
0.79 6570 9
0.89 6571 9
0.98 6572 9
0.59 6573 9
0.85 6574 9
0.58 6575 9
0.63 6576 9
0.89 6577 9
0.62 6578 9
0.59 6579 9
0.82 6580 9
0.81 6581 9
0.79 6582 9
0.74 6583 9
0.74 6584 9
0.94 6585 9
0.84 6586 9
0.78 6587 9
0.69 6588 9
0.96 6589 9
0.86 6590 9
0.74 6591 9
0.79 6592 9
0.72 6593 9
0.67 6594 9
0.75 6595 9
0.98 6596 9
0.73 6597 9
0.74 6598 9
0.89 6599 9
0.83 6600 9
0.87 6601 9
1.00 6602 9
0.88 6603 9
0.88 6604 9
1.05 6605 9
0.77 6606 9
0.79 6607 9
0.89 6608 9
0.49 6609 9
0.35 6610 9
0.69 6611 9
1.06 6612 9
0.84 6613 9
0.78 6614 9
0.81 6615 9
0.99 6616 9
0.53 6617 9
1.01 6618 9
0.65 6619 9
0.74 6620 9
0.42 6621 9
0.59 6622 9
1.50 6623 9
0.74 6624 9
1.04 6625 9
0.78 6626 9
0.82 6627 9
0.62 6628 9
0.86 6629 9
0.69 6630 9
0.75 6631 9
1.40 6632 9
1.03 6633 9
0.72 6634 9
0.56 6635 9
0.67 6636 9
0.35 6637 9
0.77 6638 9
0.76 6639 9
0.77 6640 9
0.70 6641 9
0.79 6642 9
0.76 6643 9
0.88 6644 9
0.71 6645 9
0.82 6646 9
0.77 6647 9
0.51 6648 9
0.41 6649 9
0.77 6650 9
1.41 6651 9
1.44 6652 9
0.30 6653 9
0.52 6654 9
0.51 6655 9
0.52 6656 9
0.95 6657 9
0.63 6658 9
0.37 6659 9
0.85 6660 9
0.70 6661 9
1.07 6662 9
1.52 6663 9
-0.05 6664 9
0.09 6665 9
0.05 6666 9
-0.01 6667 9
-1.63 6668 9
0.14 6669 9
0.60 6670 9
0.48 6671 9
0.63 6706 9
0.58 6707 9
0.90 6708 9
0.30 7201 10
0.43 7202 10
0.63 7203 10
0.66 7204 10
0.74 7205 10
0.89 7206 10
0.89 7207 10
0.61 7208 10
0.77 7209 10
0.82 7210 10
0.74 7211 10
0.71 7212 10
0.61 7213 10
-0.04 7214 10
0.07 7215 10
0.50 7216 10
0.52 7217 10
0.71 7218 10
0.73 7219 10
0.75 7220 10
0.89 7221 10
0.73 7222 10
0.54 7223 10
0.72 7224 10
0.66 7225 10
0.59 7226 10
0.65 7227 10
0.74 7228 10
0.73 7229 10
0.58 7230 10
0.59 7231 10
0.64 7232 10
0.71 7233 10
0.75 7234 10
0.71 7235 10
0.65 7236 10
0.67 7237 10
0.55 7238 10
0.45 7239 10
0.83 7240 10
0.60 7241 10
0.75 7242 10
0.61 7243 10
0.85 7244 10
0.77 7245 10
0.64 7246 10
0.89 7247 10
0.77 7248 10
0.69 7249 10
0.59 7250 10
0.74 7251 10
0.60 7252 10
0.64 7253 10
0.64 7254 10
0.76 7255 10
0.56 7256 10
0.51 7257 10
0.66 7258 10
0.75 7259 10
0.70 7260 10
0.66 7261 10
0.58 7262 10
0.63 7263 10
0.63 7264 10
0.72 7265 10
0.45 7266 10
0.36 7267 10
0.63 7268 10
0.58 7269 10
0.71 7270 10
0.73 7271 10
0.80 7272 10
0.47 7273 10
0.61 7274 10
0.67 7275 10
0.66 7276 10
0.76 7277 10
0.78 7278 10
0.77 7279 10
0.73 7280 10
0.62 7281 10
0.74 7282 10
0.50 7283 10
0.72 7284 10
0.65 7285 10
0.64 7286 10
0.78 7287 10
0.63 7288 10
0.91 7289 10
0.81 7290 10
0.66 7291 10
1.07 7292 10
0.73 7293 10
0.46 7294 10
0.63 7295 10
0.77 7296 10
0.68 7297 10
0.65 7298 10
0.84 7299 10
0.66 7300 10
0.62 7301 10
0.87 7302 10
0.48 7303 10
0.14 7304 10
0.46 7305 10
0.46 7306 10
0.42 7307 10
0.64 7308 10
0.51 7309 10
0.56 7310 10
0.70 7311 10
0.66 7312 10
0.85 7313 10
0.75 7314 10
0.71 7315 10
0.72 7316 10
0.71 7317 10
0.46 7318 10
0.67 7319 10
0.61 7320 10
0.68 7321 10
0.68 7322 10
0.63 7323 10
0.57 7324 10
0.71 7325 10
0.65 7326 10
0.74 7327 10
0.59 7328 10
0.46 7329 10
0.47 7330 10
0.39 7331 10
0.69 7332 10
0.42 7333 10
0.59 7334 10
0.79 8012 11
0.83 8013 11
1.02 8014 11
0.81 8015 11
0.42 8016 11
0.70 8017 11
0.88 8018 11
0.85 8019 11
0.75 8020 11
0.62 8021 11
1.22 8022 11
0.65 8023 11
0.89 8024 11
1.33 8025 11
0.75 8026 11
1.12 8027 11
1.36 8028 11
0.69 8029 11
0.59 8030 11
1.27 8031 11
0.70 8032 11
0.58 8033 11
1.11 8034 11
1.01 8035 11
0.86 8036 11
0.85 8037 11
0.94 8038 11
0.90 8039 11
0.67 8040 11
0.75 8041 11
0.80 8042 11
0.81 8043 11
0.80 8044 11
0.85 8045 11
0.62 8046 11
1.01 8047 11
0.85 8048 11
0.89 8049 11
1.21 8050 11
1.07 8051 11
1.15 8052 11
0.76 8053 11
0.74 8054 11
1.23 8055 11
0.83 8056 11
0.25 8057 11
0.52 8058 11
0.30 8059 11
0.19 8060 11
0.46 8061 11
0.57 8062 11
0.14 8063 11
0.43 8064 11
0.36 8065 11
0.30 8066 11
0.34 8067 11
0.23 8068 11
0.03 8069 11
0.13 8070 11
-0.06 8071 11
-0.10 8072 11
0.00 8073 11
-0.11 8074 11
0.14 8075 11
0.07 8076 11
0.13 8077 11
0.04 8078 11
-0.15 8079 11
0.15 8080 11
-0.00 8081 11
-0.07 8082 11
-0.06 8083 11
-0.01 8084 11
0.09 8085 11
0.02 8086 11
0.07 8087 11
-0.10 8088 11
-0.09 8089 11
0.15 8090 11
0.13 8091 11
0.17 8092 11
-0.09 8093 11
-0.15 8094 11
-0.06 8095 11
-0.04 8096 11
-0.09 8097 11
-0.06 8098 11
0.04 8099 11
-0.00 8100 11
-0.03 8101 11
0.04 8102 11
0.06 8103 11
0.01 8104 11
0.18 8105 11
0.10 8106 11
0.04 8107 11
0.07 8108 11
-0.01 8109 11
-0.02 8110 11
0.06 8111 11
-0.07 8112 11
-0.11 8113 11
-0.08 8114 11
-0.07 8115 11
-0.00 8116 11
0.17 8117 11
-0.12 8118 11
0.11 8119 11
-0.03 8120 11
-0.43 8121 11
-0.07 8122 11
-0.12 8123 11
0.00 8124 11
-0.00 8125 11
0.17 8126 11
-0.12 8127 11
0.07 8128 11
0.05 8129 11
-0.00 8130 11
-0.06 8131 11
0.15 8132 11
-0.02 8133 11
0.07 8134 11
0.01 8135 11
0.02 8136 11
0.13 8137 11
-0.18 8138 11
0.00 8139 11
-0.17 8140 11
-0.14 8141 11
-0.11 8142 11
0.03 8143 11
0.17 8144 11
-0.14 8145 11
0.16 8146 11
0.02 8147 11
0.11 8148 11
0.06 8149 11
0.04 8150 11
0.17 8151 11
-0.10 8152 11
0.04 8153 11
0.06 8154 11
0.13 8155 11
0.03 8156 11
0.04 8157 11
0.05 8158 11
0.23 8159 11
0.15 8160 11
0.15 8161 11
-0.01 8162 11
-0.00 8163 11
0.00 8164 11
-0.12 8165 11
0.00 8166 11
-0.03 8167 11
-0.20 8168 11
0.07 8169 11
0.55 8809 12
0.43 8810 12
0.46 8811 12
0.41 8812 12
0.27 8813 12
0.54 8814 12
0.43 8815 12
0.50 8816 12
0.48 8817 12
0.44 8818 12
0.75 8819 12
0.52 8820 12
0.49 8821 12
0.48 8822 12
0.63 8823 12
0.38 8824 12
0.31 8825 12
0.50 8826 12
0.48 8827 12
0.55 8828 12
0.61 8829 12
0.50 8830 12
0.52 8831 12
0.44 8832 12
0.54 8833 12
0.16 8834 12
0.53 8835 12
0.33 8836 12
0.68 8837 12
0.31 8838 12
0.39 8839 12
0.54 8840 12
0.37 8841 12
0.36 8842 12
0.63 8843 12
0.70 8844 12
0.51 8845 12
0.49 8846 12
0.57 8847 12
0.21 8848 12
0.21 8849 12
0.04 8850 12
0.57 8851 12
0.52 8852 12
0.56 8853 12
0.35 8854 12
0.43 8855 12
0.59 8856 12
0.30 8857 12
0.42 8858 12
0.43 8859 12
0.68 8860 12
0.53 8861 12
0.26 8862 12
0.56 8863 12
0.35 8864 12
0.43 8865 12
0.54 8866 12
0.61 8867 12
0.66 8868 12
0.70 8869 12
0.38 8870 12
0.31 8871 12
0.38 8872 12
0.09 8873 12
0.35 8874 12
0.67 8875 12
0.60 8876 12
0.49 8877 12
0.19 8878 12
0.24 8879 12
0.58 8880 12
0.39 8881 12
0.27 8882 12
0.17 8883 12
0.45 8884 12
0.34 8885 12
0.32 8886 12
0.51 8887 12
0.24 8888 12
0.16 8889 12
0.25 8890 12
0.42 8891 12
0.40 8892 12
0.44 8893 12
0.66 8894 12
0.32 8895 12
0.40 8896 12
0.61 8897 12
0.28 8898 12
0.50 8899 12
0.47 8900 12
0.60 8901 12
0.40 8902 12
0.55 8903 12
0.46 8904 12
0.58 8905 12
0.47 8906 12
0.50 8907 12
0.26 8908 12
0.67 8909 12
0.42 8910 12
0.36 8911 12
0.32 8912 12
0.46 8913 12
0.27 8914 12
0.38 8915 12
0.59 8916 12
0.28 8917 12
0.46 8918 12
0.57 8919 12
0.84 8920 12
0.37 8921 12
0.49 8922 12
0.43 8923 12
0.33 8924 12
0.56 8925 12
0.45 8926 12
0.45 8927 12
0.33 8928 12
0.48 8929 12
0.20 8930 12
0.62 8931 12
0.64 8932 12
0.40 8933 12
0.37 8934 12
0.30 8935 12
0.29 8936 12
0.51 8937 12
0.33 8938 12
0.40 8939 12
0.54 8940 12
0.32 8941 12
0.94 8942 12
0.47 8943 12
0.55 8944 12
0.57 8945 12
0.89 9058 12
1.01 9059 12
0.80 9060 12
0.56 9061 12
0.88 9062 12
-0.05 9217 12
0.22 9218 12
0.13 9219 12
0.01 9220 12
0.10 9221 12
-0.07 9222 12
-0.23 9223 12
-0.06 9224 12
0.30 9225 12
-0.02 9226 12
0.13 9227 12
0.05 9228 12
-0.19 9229 12
0.24 9230 12
-0.08 9231 12
0.25 9232 12
0.22 9233 12
0.14 9234 12
0.23 9235 12
0.18 9276 12
0.02 9277 12
0.16 9278 12
0.23 9279 12
0.06 9280 12
0.12 9320 12
0.02 9321 12
-0.11 9322 12
-0.06 9323 12
0.13 9324 12
0.36 9325 12
0.28 9326 12
0.26 9327 12
0.06 9378 12
0.13 9379 12
0.45 9380 12
0.15 9381 12
-0.27 9382 12
0.38 9383 12
-0.03 9384 12
0.62 9385 12
-0.15 9386 12
-0.19 9387 12
0.43 9388 12
0.19 9389 12
0.30 9390 12
0.41 9391 12
-0.16 9392 12
0.21 9393 12
-0.04 9394 12
0.03 9395 12
-0.09 9396 12
-0.10 9397 12
0.08 9398 12
-0.53 9399 12
0.00 9400 12
-0.25 9401 12
0.27 9402 12
0.16 9403 12
0.14 9404 12
-0.41 9405 12
-0.10 9406 12
0.24 9407 12
0.32 9408 12
0.36 9409 12
0.22 9410 12
-0.16 9411 12
-0.11 9412 12
0.33 9413 12
0.12 9414 12
-0.12 9415 12
-0.09 9416 12
-0.03 9417 12
-0.17 9418 12
-0.28 9419 12
0.04 9420 12
-0.18 9421 12
-0.11 9422 12
-0.05 9423 12
0.33 9424 12
-0.24 9425 12
-0.01 9426 12
-0.21 9427 12
0.07 9428 12
0.19 9429 12
0.02 9430 12
-0.01 9431 12
-0.05 9432 12
0.22 9433 12
0.16 9434 12
0.34 9435 12
-0.15 9436 12
-0.16 9437 12
0.18 9438 12
0.12 9439 12
0.17 9440 12
0.01 9441 12
0.19 9465 12
0.00 9466 12
0.47 9467 12
0.20 9468 12
0.07 9469 12
0.65 9524 12
-0.12 9525 12
-0.11 9526 12
0.06 9527 12
-0.19 9528 12
0.11 9529 12
-0.31 9530 12
0.15 9531 12
0.47 9532 12
0.54 9707 13
0.41 9708 13
0.49 9709 13
0.55 9710 13
0.17 9711 13
-0.05 9712 13
0.18 9713 13
0.09 9714 13
-0.19 9715 13
0.23 9716 13
0.38 9717 13
0.04 9718 13
-0.20 9719 13
0.10 9720 13
-0.05 9721 13
0.09 9722 13
0.04 9723 13
0.24 9724 13
0.26 9725 13
-0.02 9726 13
0.20 9727 13
-0.09 9728 13
0.18 9729 13
-0.05 9730 13
0.09 9731 13
0.08 9781 13
0.36 9782 13
0.26 9783 13
0.06 9784 13
-0.11 9785 13
0.04 9786 13
-0.10 9787 13
-0.22 9788 13
0.05 9789 13
-0.25 9790 13
-0.14 9791 13
0.05 9792 13
0.24 9793 13
0.60 9794 13
0.25 9795 13
0.17 9796 13
0.27 9797 13
0.30 9798 13
0.01 9799 13
-0.15 9800 13
-0.29 9801 13
-0.22 9802 13
-0.01 9803 13
-0.19 9804 13
0.28 9805 13
0.08 9806 13
0.06 9807 13
0.12 9808 13
0.09 9809 13
-1.03 9810 13
-0.11 9811 13
0.09 9812 13
0.30 9813 13
0.14 9814 13
0.01 9815 13
0.34 9816 13
0.23 9817 13
-0.04 9818 13
-0.08 9819 13
-0.06 9850 13
0.23 9851 13
0.23 9852 13
0.26 9853 13
0.46 9854 13
0.22 9855 13
0.10 9856 13
-0.32 9857 13
0.12 9858 13
0.24 9859 13
0.03 9860 13
-0.06 9861 13
0.09 9862 13
0.22 9863 13
-0.06 9864 13
-0.10 9865 13
0.10 9866 13
-0.32 9867 13
0.02 9868 13
0.19 9869 13
0.29 10144 13
0.31 10412 14
0.12 10413 14
0.16 10414 14
0.11 10415 14
0.13 10416 14
0.19 10417 14
0.25 10418 14
0.19 10419 14
0.25 10420 14
0.26 10421 14
0.13 10422 14
0.06 10423 14
0.04 10424 14
-0.05 10425 14
0.10 10426 14
-0.03 10427 14
0.21 10428 14
0.13 10429 14
0.01 10430 14
0.16 10431 14
0.35 10432 14
0.10 10433 14
0.19 10434 14
-0.03 10435 14
-0.06 10436 14
0.13 10437 14
0.09 10438 14
0.26 10439 14
0.28 10440 14
-0.02 10441 14
0.04 10442 14
-0.06 10443 14
0.10 10444 14
0.13 10445 14
0.19 10446 14
0.17 10447 14
0.19 10448 14
0.11 10449 14
0.04 10450 14
0.10 10451 14
0.12 10452 14
0.22 10453 14
0.00 10454 14
0.06 10455 14
0.12 10456 14
0.03 10457 14
0.11 10458 14
0.19 10459 14
0.02 10460 14
0.05 10461 14
-0.13 10462 14
0.03 10463 14
0.13 10464 14
0.08 10465 14
0.16 10466 14
0.11 10467 14
0.09 10468 14
0.29 10469 14
0.23 10470 14
0.05 10471 14
0.32 10472 14
0.18 10473 14
0.13 10474 14
0.18 10475 14
0.09 10476 14
0.21 10477 14
0.06 10478 14
0.13 10479 14
0.15 10480 14
-0.00 10481 14
0.09 10482 14
0.14 10483 14
-0.17 10484 14
0.00 10485 14
-0.16 10486 14
0.00 10487 14
-0.13 10488 14
-0.06 10489 14
-0.02 10490 14
0.05 10491 14
0.02 10492 14
-0.08 10493 14
-0.00 10494 14
-0.02 10495 14
-0.09 10496 14
0.01 10497 14
0.12 10498 14
0.08 10499 14
0.03 10500 14
0.12 10501 14
0.09 10502 14
0.20 10503 14
0.23 10504 14
0.23 10505 14
0.16 10506 14
0.32 10507 14
0.25 10508 14
0.04 10509 14
0.05 10510 14
-0.07 10511 14
0.07 10512 14
0.05 10513 14
0.09 10514 14
0.03 10515 14
-0.12 10516 14
0.12 10517 14
0.23 10518 14
0.29 10519 14
0.02 10520 14
0.08 10521 14
0.27 10522 14
0.16 10523 14
-0.18 10524 14
0.08 10525 14
0.29 10526 14
-0.07 10527 14
-0.33 10528 14
0.19 10529 14
0.34 10530 14
0.06 10531 14
0.04 10532 14
0.57 10623 14
0.80 10624 14
1.20 10625 14
1.07 10626 14
0.77 10627 14
1.02 10628 14
0.63 10629 14
0.67 10630 14
0.34 10631 14
0.73 10684 14
0.67 10685 14
1.04 10686 14
0.54 10687 14
0.74 10688 14
0.58 10689 14
0.54 10690 14
0.49 10691 14
0.44 10692 14
0.79 10693 14
0.57 10694 14
0.27 10695 14
0.95 10696 14
1.18 10697 14
0.69 10698 14
0.55 10699 14
0.95 10700 14
1.93 10701 14
0.89 10702 14
0.74 10703 14
0.79 10704 14
0.53 10705 14
1.01 10706 14
0.49 10707 14
1.25 10708 14
0.75 10709 14
0.67 11203 15
0.98 11204 15
1.04 11205 15
0.59 11206 15
0.48 11207 15
1.28 11208 15
0.75 11209 15
0.40 11210 15
0.55 11211 15
0.72 11212 15
0.90 11213 15
0.75 11214 15
0.97 11215 15
0.84 11216 15
0.82 11217 15
0.66 11218 15
0.30 11308 15
-0.02 11309 15
-0.18 11310 15
-0.07 11311 15
-0.08 11312 15
-0.14 11313 15
-0.09 11314 15
-0.42 11315 15
-0.10 11316 15
0.32 11317 15
0.06 11318 15
0.04 11319 15
-0.11 11320 15
-0.05 11321 15
-0.02 11322 15
0.33 11323 15
0.18 11324 15
0.01 11325 15
-0.00 11326 15
-0.17 11327 15
-0.03 11328 15
0.19 11329 15
0.03 11369 15
-0.00 11370 15
-0.16 11371 15
0.03 11372 15
-0.13 11373 15
-1.26 11374 15
0.23 11375 15
-0.04 11376 15
-0.09 11377 15
-0.03 11378 15
0.45 12008 16
0.39 12009 16
0.46 12010 16
0.41 12011 16
0.40 12012 16
0.41 12013 16
0.42 12014 16
0.46 12015 16
0.61 12016 16
0.54 12017 16
0.57 12018 16
0.55 12019 16
0.61 12020 16
0.27 12021 16
0.43 12022 16
0.71 12023 16
0.51 12024 16
0.57 12025 16
0.65 12026 16
0.57 12027 16
0.55 12028 16
0.65 12029 16
0.64 12030 16
0.89 12031 16
0.66 12032 16
0.47 12033 16
0.67 12034 16
0.62 12035 16
0.57 12036 16
0.73 12037 16
0.66 12038 16
0.65 12039 16
0.89 12040 16
0.82 12041 16
0.66 12042 16
0.75 12043 16
0.43 12044 16
0.46 12045 16
0.48 12046 16
0.36 12047 16
0.55 12048 16
0.67 12049 16
0.62 12050 16
0.70 12051 16
0.80 12052 16
0.96 12053 16
0.48 12054 16
0.57 12055 16
0.64 12056 16
0.48 12057 16
0.60 12058 16
0.69 12059 16
0.41 12060 16
0.70 12061 16
0.46 12062 16
0.49 12063 16
0.87 12064 16
0.92 12065 16
0.68 12066 16
0.78 12067 16
0.84 12068 16
0.87 12069 16
0.75 12070 16
0.64 12071 16
0.64 12072 16
0.70 12073 16
0.83 12074 16
0.70 12075 16
0.62 12076 16
0.77 12077 16
0.87 12078 16
0.55 12079 16
0.31 12080 16
0.79 12081 16
0.50 12082 16
0.44 12083 16
0.56 12084 16
0.47 12085 16
0.44 12086 16
0.66 12087 16
0.45 12088 16
0.62 12089 16
0.70 12090 16
0.63 12091 16
0.52 12092 16
0.70 12093 16
0.41 12094 16
0.61 12095 16
0.51 12096 16
0.55 12097 16
0.43 12098 16
0.56 12099 16
0.39 12100 16
0.77 12101 16
0.64 12102 16
0.37 12103 16
0.70 12104 16
0.56 12105 16
0.56 12106 16
0.77 12107 16
0.64 12108 16
0.50 12109 16
0.94 12110 16
0.92 12111 16
0.70 12112 16
0.39 12113 16
0.40 12114 16
0.48 12115 16
0.50 12116 16
0.43 12117 16
0.50 12118 16
0.73 12119 16
0.50 12120 16
0.80 12121 16
0.91 12122 16
0.87 12123 16
0.51 12124 16
0.70 12125 16
0.83 12126 16
0.73 12127 16
0.92 12128 16
0.69 12129 16
0.84 12130 16
0.83 12131 16
0.58 12132 16
0.74 12133 16
0.89 12134 16
0.89 12135 16
0.96 12136 16
1.13 12137 16
0.94 12138 16
0.68 12139 16
0.90 12140 16
1.11 12141 16
0.62 12142 16
0.91 12143 16
0.97 12144 16
0.98 12145 16
0.88 12146 16
1.08 12147 16
0.64 12148 16
0.71 12149 16
0.88 12150 16
0.69 12151 16
0.65 12152 16
0.60 12153 16
0.83 12154 16
0.38 12155 16
0.61 12156 16
0.84 12157 16
0.89 12158 16
0.68 12159 16
0.58 12160 16
0.78 12161 16
0.77 12162 16
0.68 12163 16
0.68 12164 16
0.66 12165 16
0.55 12166 16
0.52 12167 16
0.57 12168 16
0.65 12169 16
0.46 12170 16
0.46 12171 16
0.62 12172 16
0.47 12173 16
0.44 12174 16
0.25 12175 16
0.50 12176 16
0.35 12177 16
0.61 12178 16
0.53 12179 16
0.67 12180 16
0.45 12181 16
0.51 12182 16
0.49 12183 16
0.59 12184 16
0.58 12185 16
0.38 12186 16
0.34 12187 16
0.63 12188 16
0.48 12189 16
0.64 12190 16
0.59 12191 16
0.42 12192 16
0.46 12193 16
0.52 12194 16
0.73 12195 16
0.94 12196 16
0.70 12197 16
0.56 12198 16
0.89 12199 16
0.70 12200 16
0.76 12201 16
0.91 12202 16
1.03 12203 16
0.50 12204 16
0.63 12205 16
0.64 12206 16
0.88 12207 16
0.69 12208 16
0.74 12209 16
0.81 12210 16
0.56 12211 16
0.60 12212 16
0.63 12213 16
0.50 12214 16
0.52 12215 16
0.45 12216 16
0.42 12217 16
0.51 12218 16
0.74 12219 16
0.32 12220 16
0.63 12221 16
0.69 12222 16
0.78 12223 16
0.55 12224 16
0.45 12225 16
0.97 12226 16
1.16 12227 16
0.84 12228 16
0.70 12229 16
0.52 12230 16
0.66 12231 16
0.93 12232 16
0.94 12233 16
0.74 12234 16
0.87 12235 16
1.03 12236 16
0.48 12237 16
0.67 12238 16
0.61 12239 16
0.74 12240 16
0.65 12241 16
0.86 12242 16
0.73 12243 16
0.73 12244 16
0.67 12245 16
0.97 12246 16
0.83 12247 16
0.68 12248 16
0.79 12249 16
0.82 12250 16
0.64 12251 16
0.67 12252 16
0.77 12253 16
0.77 12254 16
0.85 12255 16
0.72 12256 16
0.99 12257 16
0.82 12258 16
0.65 12259 16
0.63 12260 16
0.45 12261 16
0.76 12262 16
1.00 12263 16
0.67 12264 16
1.20 12265 16
0.94 12266 16
0.61 12267 16
0.79 12268 16
0.69 12269 16
0.71 12270 16
0.54 12271 16
0.49 12272 16
0.71 12273 16
0.64 12274 16
0.71 12275 16
0.66 12276 16
0.81 12277 16
0.59 12278 16
0.72 12279 16
0.61 12280 16
0.77 12281 16
0.80 12282 16
0.71 12283 16
0.52 12284 16
0.65 12285 16
0.63 12286 16
0.85 12287 16
0.61 12288 16
0.89 12289 16
0.74 12290 16
0.62 12291 16
0.55 12292 16
0.64 12293 16
0.71 12294 16
0.94 12295 16
1.27 12296 16
0.50 12297 16
0.62 12298 16
0.65 12299 16
0.62 12300 16
0.45 12301 16
1.10 12302 16
0.66 12303 16
0.47 12304 16
0.42 12305 16
0.62 12306 16
0.58 12307 16
0.69 12308 16
0.56 12309 16
0.67 12310 16
0.61 12311 16
0.60 12312 16
0.72 12313 16
0.65 12314 16
0.70 12315 16
0.85 12316 16
0.79 12317 16
0.60 12318 16
0.66 12319 16
0.56 12320 16
0.46 12321 16
0.38 12322 16
0.48 12323 16
0.55 12324 16
0.41 12325 16
0.48 12326 16
0.46 12327 16
0.45 12328 16
0.85 12329 16
0.61 12330 16
0.88 12331 16
0.58 12332 16
0.71 12333 16
0.48 12334 16
0.97 12335 16
0.69 12336 16
0.52 12337 16
0.73 12338 16
0.66 12339 16
0.75 12340 16
0.51 12341 16
0.74 12342 16
0.82 12343 16
0.59 12344 16
0.86 12345 16
0.58 12346 16
0.68 12347 16
0.77 12348 16
0.62 12349 16
0.36 12350 16
1.13 12351 16
0.91 12352 16
0.49 12353 16
0.68 12354 16
0.66 12355 16
0.76 12356 16
0.52 12357 16
0.62 12358 16
0.90 12359 16
0.58 12360 16
0.76 12361 16
0.67 12362 16
0.70 12363 16
0.58 12364 16
0.88 12365 16
0.78 12366 16
0.85 12367 16
0.71 12368 16
0.90 12369 16
0.67 12370 16
1.00 12371 16
0.96 12372 16
0.71 12373 16
0.56 12374 16
0.66 12375 16
0.78 12376 16
1.11 12377 16
0.59 12378 16
0.49 12379 16
0.39 12380 16
0.15 12381 16
-0.08 12382 16
0.23 12383 16
0.13 12384 16
-0.00 12385 16
-0.08 12386 16
-0.01 12387 16
0.05 12388 16
0.11 12389 16
0.09 12390 16
0.24 12391 16
-0.12 12392 16
0.11 12393 16
-0.29 12394 16
-0.04 12395 16
0.03 12396 16
-0.03 12397 16
0.06 12398 16
-0.20 12399 16
-0.14 12400 16
-0.09 12401 16
0.03 12402 16
-0.01 12403 16
-0.12 12404 16
0.02 12405 16
0.12 12406 16
-0.02 12407 16
0.14 12408 16
0.09 12409 16
-0.13 12410 16
0.00 12411 16
-0.03 12412 16
-0.10 12413 16
-0.20 12414 16
-0.09 12415 16
-0.10 12416 16
-0.28 12417 16
-0.53 12418 16
0.18 12419 16
0.54 12420 16
-0.03 12421 16
-0.11 12422 16
0.63 12423 16
-0.49 12424 16
0.28 12425 16
-0.08 12426 16
0.37 12427 16
0.38 12428 16
0.19 12429 16
0.19 12430 16
0.15 12431 16
-0.05 12432 16
0.25 12433 16
-0.02 12434 16
0.24 12435 16
0.00 12436 16
-0.01 12437 16
0.65 12460 16
0.43 12461 16
0.32 12462 16
0.09 12463 16
0.76 12464 16
0.19 12465 16
0.50 12466 16
0.46 12467 16
0.18 12468 16
0.49 12469 16
1.16 12470 16
-0.06 12471 16
0.35 12472 16
0.29 12473 16
-0.14 12474 16
-0.06 12475 16
0.23 12476 16
-0.67 12477 16
-0.32 12478 16
-0.10 12479 16
0.42 12480 16
-0.14 12481 16
0.20 12482 16
-0.08 12483 16
-0.32 12484 16
0.15 12485 16
0.01 12486 16
0.01 12517 16
0.11 12518 16
0.05 12519 16
0.39 12520 16
0.03 12521 16
0.22 12522 16
0.13 12523 16
0.12 12524 16
0.34 12525 16
0.06 12526 16
-0.19 12527 16
0.14 12528 16
-0.86 12529 16
0.23 12530 16
8.83 12531 16
0.58 12532 16
-0.96 12533 16
0.08 12534 16
0.10 12535 16
0.09 12536 16
0.10 12537 16
-0.35 12538 16
0.62 12539 16
0.27 12540 16
0.47 12541 16
0.14 12542 16
-0.02 12543 16
-0.06 12544 16
-0.12 12545 16
-0.04 12546 16
-0.02 12547 16
0.13 12548 16
-0.21 12549 16
-0.00 12550 16
-0.12 12551 16
-0.01 12552 16
-0.03 12553 16
0.32 12554 16
0.08 12555 16
0.18 12556 16
-0.09 12557 16
0.08 12558 16
0.07 12559 16
0.07 12560 16
-0.00 12561 16
-0.06 12562 16
-0.03 12563 16
0.11 12564 16
0.06 12565 16
0.10 12566 16
-0.10 12567 16
0.02 12568 16
-0.02 12569 16
-0.33 12570 16
0.01 12571 16
0.10 12572 16
0.10 12573 16
0.03 12574 16
-0.02 12575 16
0.02 12576 16
-0.06 12577 16
0.08 12578 16
0.03 12579 16
0.13 12580 16
0.01 12581 16
0.07 12582 16
0.05 12583 16
0.09 12584 16
-0.02 12585 16
0.16 12586 16
0.38 12587 16
0.07 12588 16
0.29 12589 16
0.10 12590 16
0.04 12591 16
0.10 12592 16
0.18 12593 16
0.08 12594 16
-0.01 12595 16
0.28 12596 16
-0.01 12597 16
0.08 12598 16
0.16 12599 16
-0.00 12600 16
0.10 12601 16
0.27 12602 16
0.06 12603 16
0.08 12604 16
0.12 12605 16
-0.13 12606 16
0.16 12607 16
0.13 12608 16
0.12 12609 16
0.06 12610 16
-0.03 12611 16
-0.12 12612 16
0.12 12613 16
0.21 12614 16
-0.63 12615 16
0.30 12616 16
0.10 12617 16
0.09 12618 16
0.09 12619 16
-0.11 12620 16
-0.00 12621 16
0.02 12622 16
0.18 12623 16
0.01 12624 16
0.04 12625 16
0.28 12626 16
0.17 12627 16
0.15 12628 16
0.26 12629 16
-0.01 12630 16
-0.08 12631 16
0.20 12632 16
0.02 12633 16
0.20 12634 16
-0.04 12635 16
0.01 12636 16
0.32 12637 16
0.19 12638 16
0.09 12639 16
0.13 12640 16
0.32 12641 16
0.41 12642 16
0.14 12643 16
-0.01 12644 16
-0.45 12645 16
0.41 12646 16
0.21 12647 16
0.16 12648 16
0.94 12813 17
0.91 12814 17
0.99 12815 17
0.96 12846 17
0.97 12847 17
0.77 12848 17
0.33 12849 17
0.41 12850 17
0.92 12851 17
0.87 12852 17
0.35 12853 17
0.40 12854 17
1.01 12855 17
1.70 12856 17
0.17 12857 17
0.04 12858 17
0.12 12859 17
-0.02 12860 17
-0.12 12861 17
0.04 12862 17
-0.04 12863 17
0.29 12864 17
-0.10 12865 17
-0.03 12866 17
-0.00 12867 17
-0.08 12868 17
-0.08 12869 17
-0.03 12870 17
0.18 12871 17
-0.04 12872 17
0.03 12873 17
-0.14 12874 17
-0.20 12875 17
0.13 12876 17
0.12 12877 17
-0.20 12878 17
-0.21 12879 17
0.01 12880 17
-0.13 12881 17
0.05 12882 17
0.02 12883 17
0.02 12884 17
-0.11 12885 17
-0.20 12886 17
-0.11 12887 17
-0.00 12888 17
0.06 12889 17
-0.16 12890 17
-0.03 12891 17
0.89 13606 18
1.64 13607 18
1.19 13608 18
0.89 13609 18
0.55 13610 18
0.83 13611 18
1.10 13612 18
0.80 13613 18
1.14 13614 18
0.80 13615 18
1.05 13616 18
0.88 13617 18
0.76 13618 18
0.68 13619 18
0.75 13620 18
1.05 13621 18
1.10 13622 18
1.28 13623 18
0.85 13624 18
0.79 13625 18
0.77 13626 18
0.98 13627 18
0.72 13628 18
0.63 13629 18
0.77 13630 18
0.75 13631 18
0.76 13632 18
1.84 13633 18
0.97 13634 18
0.69 13635 18
0.54 13636 18
0.86 13637 18
0.87 13638 18
1.00 13639 18
0.75 13640 18
0.97 13641 18
0.83 13642 18
0.93 13643 18
0.99 13644 18
1.00 13645 18
0.61 13646 18
1.05 13647 18
0.87 13648 18
1.01 13649 18
0.83 13650 18
1.11 13651 18
2.70 13652 18
0.94 13653 18
0.89 13654 18
0.59 13655 18
1.04 13656 18
0.66 13657 18
0.97 13658 18
0.77 13659 18
1.05 13660 18
0.78 13661 18
0.93 13662 18
1.43 13663 18
0.52 13664 18
0.58 13665 18
0.76 13666 18
0.67 13667 18
0.60 13668 18
0.74 13669 18
0.78 13670 18
0.58 13671 18
1.05 13672 18
0.96 13673 18
0.86 13674 18
0.73 13675 18
0.99 13676 18
1.52 13677 18
0.57 13678 18
1.16 13679 18
1.25 13680 18
0.74 13681 18
0.77 13682 18
0.79 13683 18
0.85 13684 18
0.76 13685 18
0.75 13686 18
1.07 13687 18
0.86 13688 18
0.65 13689 18
1.34 13690 18
0.75 13691 18
0.47 13692 18
0.56 13693 18
0.92 13694 18
0.64 13695 18
0.68 13696 18
0.49 13697 18
0.95 13698 18
0.77 13699 18
0.83 13700 18
0.78 13701 18
0.56 13702 18
0.79 13703 18
0.77 13704 18
0.60 13705 18
0.70 13706 18
0.65 13707 18
0.73 13708 18
0.66 13709 18
0.61 13710 18
0.90 13711 18
1.01 13712 18
1.06 13713 18
1.73 13714 18
0.89 13715 18
1.11 13716 18
0.65 13717 18
0.94 13718 18
0.80 13719 18
0.89 13720 18
0.65 13721 18
0.80 13722 18
0.40 13723 18
1.20 13724 18
0.87 13725 18
1.25 13726 18
0.99 13727 18
0.70 13728 18
1.09 13729 18
0.84 13730 18
0.95 13753 18
0.76 13754 18
0.63 13755 18
1.18 13756 18
0.47 13757 18
0.59 13758 18
0.74 13759 18
1.11 13760 18
0.63 13761 18
0.78 13762 18
0.98 13763 18
1.26 13764 18
1.04 13765 18
0.72 13766 18
0.65 13767 18
0.71 13768 18
0.58 13769 18
0.68 13770 18
0.99 13771 18
0.72 13772 18
0.47 13773 18
1.27 13774 18
0.71 13775 18
0.62 13776 18
0.80 13777 18
0.72 13778 18
0.64 13779 18
0.47 13780 18
0.91 13781 18
0.09 13782 18
-0.02 13783 18
0.00 13784 18
-0.19 13785 18
0.10 13786 18
-0.03 13787 18
0.16 13788 18
0.01 13789 18
-0.15 13790 18
-0.13 13791 18
0.01 13792 18
-0.00 13793 18
-0.00 13794 18
-0.05 13795 18
0.05 13796 18
0.05 13797 18
-0.04 13798 18
-0.19 13799 18
0.14 13800 18
0.00 13801 18
-0.09 13802 18
-0.01 13803 18
-0.15 13804 18
-0.03 13805 18
-0.13 13806 18
0.12 13807 18
-0.20 13808 18
0.05 13809 18
0.11 13810 18
0.92 14409 19
0.84 14410 19
1.00 14411 19
0.76 14412 19
0.91 14413 19
0.91 14414 19
0.88 14415 19
0.79 14416 19
0.80 14417 19
0.77 14418 19
0.72 14419 19
0.42 14420 19
0.90 14421 19
0.83 14422 19
0.86 14423 19
0.92 14424 19
0.59 14425 19
0.72 14426 19
0.77 14427 19
0.68 14428 19
0.78 14429 19
0.66 14430 19
0.84 14431 19
0.96 14432 19
0.56 14433 19
0.39 14434 19
0.65 14435 19
0.85 14436 19
0.31 14437 19
0.73 14438 19
1.71 14439 19
0.77 14440 19
0.55 14441 19
0.97 14442 19
0.75 14443 19
1.09 14444 19
0.74 14445 19
0.65 14446 19
0.55 14447 19
0.67 14448 19
0.73 14449 19
0.85 14450 19
0.73 14451 19
0.69 14452 19
1.05 14453 19
0.63 14454 19
0.90 14455 19
0.74 14456 19
0.99 14457 19
0.93 14458 19
0.84 14459 19
1.01 14460 19
0.91 14461 19
0.86 14462 19
0.93 14463 19
-0.08 14507 19
-0.14 14508 19
0.09 14509 19
-0.01 14510 19
-0.24 14511 19
-0.06 14512 19
0.13 14513 19
-0.06 14514 19
0.27 14515 19
-0.00 14516 19
-0.04 14517 19
0.11 14518 19
-0.15 14519 19
0.18 14520 19
0.07 14521 19
0.00 14522 19
-0.34 14523 19
0.11 14524 19
0.04 14525 19
0.03 14526 19
0.42 14527 19
0.37 14528 19
0.04 14529 19
0.00 14530 19
0.15 14531 19
0.01 14532 19
-0.06 14533 19
-0.55 14534 19
-0.18 14535 19
-0.03 14536 19
0.17 14537 19
0.03 14538 19
0.05 14539 19
0.09 14540 19
-0.13 14541 19
0.07 14542 19
-0.17 14543 19
0.65 15212 20
1.06 15213 20
1.15 15214 20
0.72 15215 20
0.73 15216 20
0.91 15217 20
0.78 15218 20
0.89 15219 20
1.16 15220 20
0.77 15221 20
0.96 15222 20
0.93 15223 20
1.27 15224 20
0.95 15225 20
0.90 15226 20
0.78 15227 20
0.84 15228 20
0.81 15229 20
0.96 15230 20
1.14 15231 20
0.87 15232 20
0.96 15233 20
0.76 15234 20
0.95 15235 20
1.06 15236 20
0.68 15237 20
0.71 15238 20
0.84 15239 20
0.73 15240 20
0.92 15241 20
0.93 15242 20
0.78 15243 20
1.48 15244 20
0.82 15245 20
0.65 15246 20
0.76 15247 20
0.64 15248 20
0.57 15249 20
1.46 15250 20
1.12 15251 20
0.79 15252 20
0.74 15253 20
1.53 15254 20
1.01 15255 20
0.76 15256 20
0.71 15257 20
0.68 15258 20
0.82 15259 20
0.77 15260 20
0.61 15261 20
0.89 15262 20
0.90 15263 20
0.63 15264 20
0.47 15265 20
-0.06 15266 20
0.18 15267 20
0.29 15268 20
0.51 15269 20
0.09 15270 20
0.39 15271 20
0.03 15272 20
0.24 15273 20
0.30 15274 20
0.54 15275 20
0.47 15276 20
0.48 15277 20
0.41 15278 20
0.78 15279 20
0.47 15280 20
0.06 15281 20
0.07 15282 20
-0.29 15283 20
-0.02 15284 20
0.08 15285 20
0.38 15286 20
0.05 15287 20
0.26 15288 20
0.42 15289 20
0.28 15290 20
0.33 15291 20
0.41 15292 20
0.27 15293 20
0.15 15294 20
0.56 15295 20
0.50 15296 20
0.29 15297 20
0.34 15298 20
0.13 15299 20
0.45 15300 20
0.37 15301 20
0.74 15302 20
0.34 15303 20
0.42 15304 20
0.23 15305 20
0.36 15306 20
0.56 15307 20
0.40 15308 20
0.39 15309 20
0.59 15310 20
0.14 15311 20
0.00 15312 20
0.06 15313 20
-0.15 15314 20
-0.26 15315 20
-0.39 15316 20
0.11 15317 20
0.14 15318 20
0.13 15319 20
-0.03 15320 20
0.45 15321 20
0.17 15322 20
0.15 15323 20
0.75 16012 21
0.90 16013 21
0.70 16014 21
1.16 16015 21
0.68 16016 21
0.71 16017 21
0.77 16018 21
0.75 16019 21
0.90 16020 21
0.96 16021 21
0.85 16022 21
0.89 16023 21
0.81 16024 21
0.82 16025 21
1.02 16026 21
0.82 16027 21
0.91 16028 21
0.80 16029 21
0.40 16030 21
0.06 16031 21
0.04 16032 21
-0.06 16033 21
-0.23 16034 21
-0.01 16035 21
-0.03 16036 21
0.03 16037 21
0.03 16038 21
0.04 16039 21
-0.13 16040 21
-0.05 16041 21
-0.03 16042 21
0.02 16043 21
0.05 16044 21
-0.08 16045 21
0.03 16046 21
0.19 16047 21
-0.07 16048 21
0.10 16049 21
0.00 16050 21
0.04 16051 21
-0.09 16052 21
-0.15 16053 21
0.01 16054 21
0.87 16811 22
0.83 16812 22
0.60 16813 22
0.67 16814 22
0.64 16815 22
0.34 16816 22
0.45 16817 22
0.29 16818 22
0.70 16819 22
0.72 16820 22
0.57 16821 22
0.59 16822 22
0.52 16823 22
0.60 16824 22
0.55 16825 22
0.78 16826 22
0.56 16827 22
0.55 16828 22
0.57 16829 22
1.21 16830 22
0.77 16831 22
0.81 16832 22
0.59 16833 22
0.52 16834 22
0.42 16835 22
0.21 16836 22
0.45 16837 22
0.70 16838 22
0.63 16839 22
0.79 16840 22
0.30 16841 22
0.07 16842 22
-3.51 16843 22
0.19 16844 22
-0.14 16845 22
-0.09 16846 22
0.10 16847 22
0.03 16848 22
0.03 16849 22
-0.06 16850 22
-0.01 16851 22
0.05 16852 22
-0.04 16853 22
-0.15 16854 22
0.09 16855 22
-0.12 16856 22
-0.16 16857 22
-0.00 16858 22
-0.22 16859 22
-0.04 16860 22
-0.13 16861 22
0.03 16862 22
-0.15 16863 22
0.05 16864 22
0.12 16865 22
-0.03 16866 22
0.05 16867 22
-0.06 16868 22
-0.05 16869 22
0.06 16870 22
0.02 16871 22
0.00 16872 22
-0.06 16873 22
-0.00 16874 22
-0.13 16875 22
0.10 16876 22
0.05 16877 22
-0.28 16878 22
-0.13 16879 22
-0.05 16880 22
0.01 16881 22
0.02 16882 22
-0.06 16883 22
-0.04 16884 22
-0.16 16885 22
-0.01 16886 22
0.05 16887 22
-0.00 16888 22
0.03 16889 22
0.09 16890 22
-0.02 16891 22
0.03 16892 22
-0.02 16893 22
0.07 16894 22
-0.26 16895 22
-0.04 16896 22
-0.01 16897 22
0.00 16898 22
0.10 16899 22
-0.16 16900 22
-0.16 16901 22
0.02 16902 22
-0.10 16903 22
-0.19 16904 22
0.04 16905 22
0.22 16906 22
0.91 17613 23
0.65 17614 23
0.64 17615 23
0.64 17616 23
0.70 17617 23
0.52 17618 23
0.92 17619 23
0.66 17620 23
0.52 17621 23
0.64 17622 23
0.32 17623 23
0.41 17624 23
0.42 17625 23
0.11 17626 23
0.36 17627 23
0.38 17628 23
0.58 17629 23
0.35 17630 23
0.80 17631 23
0.49 17632 23
0.63 17633 23
0.71 17634 23
0.56 17635 23
0.69 17636 23
0.48 17637 23
0.83 17638 23
0.77 17639 23
0.51 17640 23
0.65 17641 23
0.52 17642 23
0.68 17643 23
0.71 17644 23
0.76 17645 23
0.83 17646 23
0.45 17647 23
0.33 17648 23
0.52 17649 23
0.77 17650 23
0.41 17651 23
0.32 17652 23
0.55 17653 23
0.66 17654 23
0.48 17655 23
0.68 17656 23
0.80 17657 23
0.49 17658 23
0.47 17659 23
0.61 17660 23
0.58 17661 23
0.42 17662 23
0.66 17663 23
0.51 17664 23
0.66 17665 23
0.51 17666 23
0.69 17667 23
0.67 17668 23
0.59 17669 23
0.64 17670 23
0.92 17671 23
0.20 17811 23
0.07 17812 23
-0.19 17813 23
-0.02 17814 23
0.07 17815 23
-0.00 17816 23
0.06 17817 23
0.28 17818 23
0.68 17819 23
-0.13 17902 23
0.34 17903 23
0.26 17904 23
-0.07 17905 23
0.05 17906 23
0.25 17907 23
0.68 17908 23
0.33 17909 23
0.81 17910 23
-0.01 17911 23
0.57 17912 23
0.17 17913 23
0.56 17914 23
0.29 17915 23
0.42 17916 23
0.15 17917 23
0.51 17918 23
-0.17 17968 23
-0.08 17969 23
0.30 17970 23
-0.15 17971 23
0.09 17972 23
0.10 17973 23
0.38 17974 23
0.42 17975 23
0.22 17976 23
-0.08 17977 23
1.73 17978 23
0.34 17979 23
1.03 17980 23
0.26 17981 23
0.69 17982 23
-0.05 17983 23
0.18 17984 23
-0.71 17985 23
0.27 17986 23
-0.05 17987 23
-0.08 17988 23
-0.56 17989 23
-0.13 17990 23
-0.40 17991 23
0.02 17992 23
-0.04 17993 23
0.29 17994 23
0.50 17995 23
-0.01 17996 23
0.36 17997 23
0.40 17998 23
0.21 17999 23
0.26 18125 23
0.28 18126 23
0.08 18127 23
0.75 18128 23
0.20 18129 23
-0.15 18130 23
-0.19 18131 23
0.72 18132 23
-0.06 18133 23
-0.04 18134 23
-0.05 18135 23
0.16 18136 23
-0.12 18137 23
-0.30 18138 23
0.39 18139 23
0.03 18140 23
0.70 18178 23
0.21 18179 23
0.31 18180 23
-0.20 18181 23
0.31 18182 23
0.16 18204 23
0.20 18205 23
0.31 18206 23
1.00 18207 23
0.77 18208 23
0.72 18209 23
0.76 18210 23
0.64 18211 23
0.92 18212 23
0.97 18213 23
0.75 18214 23
0.62 18215 23
0.64 18216 23
0.91 18217 23
0.75 18218 23
0.66 18219 23
0.85 18220 23
0.57 18221 23
0.97 18222 23
0.66 18223 23
0.88 18224 23
0.98 18225 23
0.66 18226 23
0.63 18227 23
0.78 18228 23
0.60 18229 23
0.76 18230 23
0.68 18231 23
0.51 18232 23
0.47 18233 23
0.64 18234 23
0.87 18235 23
0.74 18236 23
0.74 18237 23
1.03 18238 23
0.27 18239 23
0.64 18240 23
0.60 18241 23
0.45 18242 23
0.88 18243 23
0.68 18244 23
0.86 18245 23
1.28 18246 23
0.63 18247 23
0.33 18248 23
0.55 18249 23
0.67 18250 23
0.61 18251 23
1.14 18252 23
0.39 18253 23
0.81 18254 23
0.68 18255 23
0.54 18256 23
0.68 18257 23
0.54 18258 23
0.50 18259 23
0.53 18260 23
0.79 18261 23
0.51 18262 23
0.68 18263 23
0.56 18264 23
0.56 18265 23
0.51 18266 23
0.90 18267 23
0.74 18268 23
0.75 18269 23
0.21 18384 23
0.12 18385 23
0.25 18386 23
-0.01 18387 23
0.09 18388 23
-0.15 18389 23
0.12 18390 23
0.00 18391 23
-0.66 18392 23
0.20 18393 23
0.21 18394 23
0.15 18395 23
0.26 18396 23
-0.22 18397 23
0.45 18398 23
-0.03 18399 23
-0.02 18400 23
