E T I
0.12 1 1
0.38 2 1
0.37 3 1
0.36 4 1
0.40 5 1
0.58 6 1
0.45 7 1
0.37 8 1
0.68 9 1
0.68 10 1
0.28 11 1
0.52 12 1
0.55 13 1
0.34 14 1
0.44 15 1
0.75 16 1
0.60 17 1
0.59 18 1
0.59 19 1
0.48 20 1
0.87 21 1
0.52 22 1
0.52 23 1
0.56 24 1
0.69 25 1
0.40 26 1
0.68 27 1
0.51 28 1
0.44 29 1
0.50 30 1
0.59 31 1
1.06 32 1
0.47 33 1
0.77 34 1
0.74 35 1
0.52 36 1
0.45 37 1
0.35 38 1
0.60 39 1
0.49 40 1
0.84 41 1
1.09 42 1
0.20 43 1
0.54 44 1
0.37 45 1
0.46 46 1
0.23 47 1
0.49 48 1
0.60 49 1
0.64 50 1
0.78 51 1
0.90 52 1
0.58 53 1
0.72 54 1
0.76 55 1
0.72 56 1
0.56 57 1
0.34 58 1
0.18 59 1
0.56 60 1
0.58 61 1
0.59 62 1
0.56 63 1
0.66 64 1
0.75 65 1
0.78 66 1
0.74 67 1
0.49 68 1
0.86 69 1
0.85 70 1
0.94 71 1
0.74 72 1
0.82 73 1
0.66 74 1
0.61 75 1
0.60 76 1
0.82 77 1
0.65 78 1
0.49 79 1
0.55 80 1
0.45 81 1
0.41 82 1
0.32 83 1
0.49 84 1
0.70 85 1
0.54 86 1
0.41 87 1
0.40 88 1
0.84 89 1
0.44 90 1
0.56 91 1
0.44 92 1
0.83 93 1
0.45 94 1
0.34 95 1
0.21 96 1
0.64 97 1
0.99 98 1
0.84 99 1
0.80 100 1
0.49 101 1
1.06 102 1
0.66 103 1
0.92 104 1
0.49 105 1
0.43 106 1
0.56 107 1
0.53 108 1
0.51 109 1
1.08 110 1
0.51 111 1
0.71 112 1
0.89 113 1
0.42 114 1
0.83 115 1
0.83 116 1
0.80 117 1
0.71 118 1
0.38 119 1
0.56 120 1
0.35 121 1
0.71 122 1
0.53 123 1
0.75 124 1
0.85 125 1
0.57 126 1
0.87 127 1
0.31 128 1
0.54 129 1
0.70 130 1
0.88 131 1
0.81 132 1
0.77 133 1
0.56 134 1
0.68 135 1
0.38 136 1
0.62 137 1
0.19 138 1
0.90 139 1
0.46 140 1
0.38 141 1
0.39 142 1
0.49 143 1
0.42 144 1
0.75 145 1
0.74 146 1
1.04 147 1
0.99 148 1
1.05 149 1
0.72 150 1
0.41 151 1
0.84 152 1
0.89 153 1
0.56 154 1
0.85 155 1
0.60 156 1
0.66 157 1
0.49 158 1
0.44 159 1
0.53 160 1
0.71 161 1
0.41 162 1
0.40 163 1
0.52 164 1
0.48 165 1
0.48 166 1
0.81 167 1
0.47 168 1
0.75 169 1
0.69 170 1
0.33 171 1
0.64 172 1
0.51 173 1
0.57 174 1
0.08 175 1
0.33 176 1
0.83 177 1
0.55 178 1
0.76 179 1
0.69 180 1
0.62 181 1
0.75 182 1
0.85 183 1
0.70 184 1
0.90 185 1
0.55 186 1
0.64 187 1
0.72 188 1
0.60 189 1
0.78 190 1
0.66 191 1
0.72 192 1
0.95 193 1
0.71 194 1
0.49 195 1
0.54 196 1
0.18 197 1
0.76 198 1
0.74 199 1
0.33 200 1
0.73 201 1
0.56 202 1
0.64 203 1
0.71 204 1
0.53 205 1
0.56 206 1
1.03 207 1
0.72 208 1
0.60 209 1
0.49 210 1
0.76 211 1
0.63 212 1
1.07 213 1
0.69 214 1
0.24 215 1
0.72 216 1
0.68 217 1
0.55 218 1
0.45 219 1
0.51 220 1
0.93 221 1
0.92 222 1
0.70 223 1
0.51 224 1
0.87 225 1
0.81 226 1
0.24 227 1
0.59 228 1
0.46 229 1
0.59 230 1
0.64 231 1
0.61 232 1
0.78 233 1
0.86 234 1
0.48 235 1
0.82 236 1
1.01 237 1
0.54 238 1
0.25 239 1
0.81 240 1
0.56 241 1
0.78 242 1
0.39 243 1
0.71 244 1
0.54 245 1
0.86 246 1
0.28 247 1
0.59 248 1
0.58 249 1
0.80 250 1
0.86 251 1
0.71 252 1
0.74 253 1
0.75 254 1
0.63 255 1
0.50 256 1
0.48 257 1
0.68 258 1
0.48 259 1
0.24 260 1
1.02 261 1
0.58 262 1
0.66 263 1
0.75 264 1
0.81 265 1
0.53 266 1
0.56 267 1
0.65 268 1
0.33 269 1
0.41 270 1
0.49 271 1
0.57 272 1
0.68 273 1
0.62 274 1
0.97 275 1
0.77 276 1
0.96 277 1
0.63 278 1
0.89 279 1
0.63 280 1
0.65 281 1
0.75 282 1
0.76 283 1
0.28 284 1
0.45 285 1
0.43 286 1
0.21 287 1
0.30 288 1
0.70 289 1
0.64 290 1
0.51 291 1
1.14 292 1
0.54 293 1
1.06 294 1
0.73 295 1
0.71 296 1
0.48 297 1
0.77 298 1
0.40 299 1
0.04 300 1
0.45 301 1
0.61 302 1
0.88 303 1
1.06 304 1
0.38 305 1
0.64 306 1
0.46 307 1
0.88 308 1
0.53 309 1
0.55 310 1
0.63 311 1
0.78 312 1
0.52 313 1
0.45 314 1
0.63 315 1
0.49 316 1
0.39 317 1
0.76 318 1
0.51 319 1
0.36 320 1
0.81 321 1
0.67 322 1
0.89 323 1
0.69 324 1
1.04 325 1
1.10 326 1
0.92 327 1
0.53 328 1
1.01 329 1
0.68 330 1
1.20 331 1
0.86 332 1
0.70 333 1
0.59 334 1
0.97 335 1
0.25 336 1
0.13 337 1
0.44 338 1
0.42 339 1
0.63 340 1
0.48 341 1
0.69 342 1
0.00 343 1
0.72 344 1
0.34 345 1
0.63 346 1
0.36 347 1
1.10 348 1
0.87 349 1
0.77 350 1
0.71 351 1
0.19 352 1
0.23 353 1
0.77 354 1
0.56 355 1
1.20 356 1
0.65 357 1
0.45 358 1
0.63 359 1
0.67 360 1
0.57 361 1
0.42 362 1
0.37 363 1
0.59 364 1
0.70 365 1
0.69 366 1
0.71 367 1
0.29 368 1
0.56 369 1
0.62 370 1
0.54 371 1
0.87 372 1
0.67 373 1
0.38 374 1
0.40 375 1
0.82 376 1
0.54 377 1
0.88 378 1
0.21 379 1
0.42 380 1
0.74 381 1
0.92 382 1
0.75 383 1
0.74 384 1
0.92 385 1
1.12 386 1
0.22 387 1
0.71 388 1
0.56 389 1
0.42 390 1
0.55 391 1
0.77 392 1
1.08 393 1
0.62 394 1
0.63 395 1
0.27 396 1
0.69 397 1
0.92 398 1
0.48 399 1
0.82 400 1
0.84 401 1
0.53 402 1
0.81 403 1
1.02 404 1
0.63 405 1
0.66 406 1
0.59 407 1
0.34 408 1
0.57 409 1
0.80 410 1
1.17 411 1
1.00 412 1
0.70 413 1
0.66 414 1
0.51 415 1
0.73 416 1
0.48 417 1
0.47 418 1
0.46 419 1
0.50 420 1
0.52 421 1
0.71 422 1
0.48 423 1
0.62 424 1
0.89 425 1
1.05 426 1
0.78 427 1
0.79 428 1
0.84 429 1
0.51 430 1
0.64 431 1
0.40 432 1
0.67 433 1
0.82 434 1
0.76 435 1
0.38 436 1
0.73 437 1
-0.10 438 1
0.35 439 1
1.14 440 1
0.77 441 1
0.25 442 1
0.38 443 1
0.58 444 1
0.31 445 1
0.60 446 1
0.59 447 1
0.42 448 1
0.55 449 1
0.52 450 1
0.57 451 1
0.56 452 1
0.48 453 1
0.37 454 1
0.47 455 1
0.73 456 1
0.84 457 1
0.89 458 1
0.58 459 1
0.79 460 1
0.81 461 1
0.72 462 1
0.90 463 1
0.55 464 1
0.33 465 1
0.65 466 1
0.62 467 1
0.81 468 1
0.75 469 1
0.63 470 1
1.16 471 1
0.66 472 1
0.67 473 1
0.66 474 1
0.64 475 1
0.71 476 1
0.54 477 1
0.73 478 1
0.32 479 1
0.68 480 1
0.61 481 1
0.80 482 1
0.56 483 1
0.47 484 1
1.01 485 1
0.92 486 1
0.83 487 1
0.96 488 1
0.62 489 1
0.37 490 1
0.65 491 1
0.36 492 1
0.54 493 1
0.68 494 1
0.56 495 1
0.48 496 1
0.65 497 1
0.50 498 1
0.73 499 1
0.53 500 1
0.61 501 1
0.59 502 1
0.93 503 1
0.28 504 1
0.14 505 1
-0.14 506 1
0.05 507 1
0.13 508 1
0.27 509 1
0.25 510 1
-0.18 511 1
0.12 512 1
-0.02 513 1
0.02 514 1
0.01 515 1
0.07 516 1
0.51 517 1
0.49 518 1
0.20 519 1
0.19 520 1
0.30 521 1
-0.19 522 1
-0.14 523 1
0.19 524 1
-0.15 525 1
0.05 526 1
0.28 527 1
-0.06 528 1
0.10 529 1
-0.15 530 1
0.09 531 1
-0.04 532 1
0.09 533 1
0.08 534 1
-0.16 535 1
-0.18 536 1
0.17 537 1
0.10 538 1
0.00 539 1
0.06 540 1
0.11 541 1
0.12 542 1
0.17 543 1
0.42 544 1
-0.01 545 1
0.15 546 1
0.14 547 1
0.02 548 1
-0.11 549 1
0.02 550 1
0.02 551 1
0.22 552 1
-0.08 553 1
0.03 554 1
0.11 555 1
0.18 556 1
0.26 557 1
-0.06 558 1
0.56 559 1
0.09 560 1
-0.03 561 1
0.14 562 1
0.36 563 1
0.18 564 1
0.64 565 1
0.24 566 1
0.18 567 1
0.34 568 1
-0.02 569 1
0.54 570 2
0.83 571 2
0.64 572 2
0.63 573 2
0.80 574 2
0.58 575 2
0.83 576 2
0.86 577 2
0.64 578 2
0.61 579 2
0.75 580 2
0.65 581 2
0.68 582 2
0.87 583 2
0.70 584 2
0.95 585 2
0.62 586 2
0.70 587 2
0.68 588 2
0.71 589 2
0.55 590 2
0.62 591 2
0.59 592 2
0.72 593 2
0.57 594 2
0.71 595 2
0.73 596 2
0.56 597 2
1.00 598 2
0.87 599 2
0.64 600 2
0.85 601 2
0.79 602 2
0.69 603 2
0.94 604 2
0.86 605 2
0.83 606 2
0.90 607 2
0.79 608 2
0.75 609 2
0.70 610 2
0.77 611 2
0.71 612 2
0.66 613 2
0.77 614 2
0.79 615 2
0.65 616 2
0.71 617 2
0.90 618 2
0.80 619 2
0.69 620 2
0.68 621 2
0.79 622 2
0.83 623 2
0.67 624 2
0.90 625 2
0.54 626 2
0.62 627 2
0.75 628 2
0.63 629 2
0.71 630 2
0.57 631 2
0.56 632 2
0.74 633 2
0.71 634 2
0.82 635 2
0.66 636 2
0.66 637 2
0.72 638 2
0.76 639 2
0.69 640 2
0.61 641 2
0.91 642 2
0.66 643 2
0.55 644 2
0.55 645 2
0.80 646 2
0.58 647 2
0.80 648 2
0.71 649 2
0.62 650 2
0.84 651 2
0.48 652 2
0.44 653 2
0.79 654 2
0.63 655 2
0.69 656 2
0.62 657 2
0.58 658 2
0.56 659 2
0.50 660 2
0.55 661 2
0.79 662 2
0.23 663 2
0.25 664 2
0.15 665 2
0.02 666 2
0.26 667 2
0.08 668 2
-0.03 669 2
0.39 670 2
0.46 671 2
0.27 672 2
0.29 673 2
0.30 674 2
-0.01 675 2
0.19 676 2
0.10 677 2
0.15 678 2
0.11 679 2
-0.04 680 2
-0.20 681 2
-0.08 682 2
0.06 683 2
-0.05 684 2
0.21 685 2
0.35 686 2
0.17 687 2
0.08 688 2
0.54 689 2
0.22 690 2
-0.08 691 2
0.04 692 2
0.47 693 2
0.08 694 2
0.12 695 2
0.21 696 2
0.03 697 2
0.16 698 2
0.05 699 2
0.07 700 2
0.22 701 2
0.20 702 2
0.06 703 2
0.35 704 2
0.00 705 2
0.10 706 2
0.14 707 2
0.05 708 2
-0.12 709 2
-0.05 710 2
0.09 711 2
-0.14 712 2
-0.04 713 2
0.22 714 2
0.12 715 2
0.26 716 2
0.41 717 2
0.14 718 2
-0.15 719 2
0.10 720 2
0.04 721 2
0.15 722 2
0.07 723 2
0.27 724 2
0.25 725 2
0.07 726 2
0.11 727 2
0.12 728 2
0.24 729 2
0.45 730 2
0.25 731 2
0.06 732 2
0.09 733 2
-0.08 734 2
0.12 735 2
0.17 736 2
0.17 737 2
0.18 738 2
0.38 739 2
0.11 740 2
0.09 741 2
0.00 742 2
0.09 743 2
0.13 744 2
0.28 745 2
0.01 746 2
0.18 747 2
0.29 748 2
-0.08 749 2
0.08 750 2
0.24 751 2
0.02 752 2
0.28 753 2
0.21 754 2
0.07 755 2
0.03 756 2
0.02 757 2
0.02 758 2
0.17 759 2
0.06 760 2
-0.00 761 2
-0.20 762 2
-0.14 763 2
-0.08 764 2
-0.01 765 2
0.12 766 2
0.16 767 2
0.07 768 2
0.09 769 2
0.35 770 2
-0.04 771 2
0.11 772 2
0.37 773 2
0.83 774 2
0.25 775 2
0.22 776 2
0.28 777 2
0.07 778 2
0.11 779 2
-0.05 780 2
0.21 781 2
0.21 782 2
0.28 783 2
0.49 784 2
0.00 785 2
0.02 786 2
0.34 787 2
0.38 788 2
-0.19 789 2
0.31 790 2
0.63 791 2
0.73 792 2
0.44 793 2
0.50 794 2
0.19 795 2
-0.15 796 2
0.20 797 2
-0.01 798 2
0.11 799 2
0.05 800 2
0.17 801 2
0.06 802 2
0.08 803 2
0.62 804 3
0.67 805 3
0.96 806 3
1.00 807 3
0.97 808 3
0.81 809 3
0.96 810 3
0.74 811 3
1.03 812 3
0.83 813 3
0.83 814 3
0.80 815 3
0.75 816 3
0.88 817 3
0.93 818 3
0.84 819 3
0.98 820 3
0.76 821 3
0.75 822 3
0.84 823 3
0.87 824 3
1.06 825 3
0.98 826 3
0.71 827 3
0.74 828 3
0.78 829 3
-0.16 830 3
0.18 831 3
-0.16 832 3
-0.04 833 3
-0.06 834 3
-0.07 835 3
-0.15 836 3
-0.06 837 3
0.00 838 3
-0.00 839 3
0.91 840 4
0.65 841 4
0.69 842 4
1.08 843 4
0.74 844 4
0.84 845 4
0.60 846 4
0.52 847 4
0.73 848 4
0.41 849 4
0.75 850 4
0.83 851 4
0.90 852 4
0.65 853 4
0.42 854 4
0.30 855 4
0.21 856 4
0.92 857 4
0.23 858 4
0.92 859 4
0.70 860 4
1.08 861 4
0.96 862 4
0.83 863 4
0.54 864 4
0.62 865 4
0.69 866 4
0.70 867 4
0.90 868 4
0.85 869 4
0.84 870 4
0.61 871 4
0.83 872 4
0.57 873 4
0.92 874 4
0.56 875 4
0.76 876 4
0.40 877 4
0.93 878 4
0.66 879 4
0.67 880 4
0.76 881 4
0.60 882 4
0.76 883 4
0.63 884 4
0.83 885 4
0.44 886 4
0.67 887 4
0.89 888 4
0.70 889 4
0.76 890 4
1.03 891 4
0.88 892 4
1.14 893 4
0.82 894 4
1.02 895 4
0.80 896 4
1.18 897 4
0.56 898 4
0.62 899 4
1.09 900 4
0.70 901 4
0.67 902 4
0.61 903 4
0.80 904 4
0.56 905 4
0.85 906 4
0.57 907 4
0.60 908 4
0.80 909 4
0.91 910 4
0.97 911 4
0.69 912 4
0.69 913 4
0.95 914 4
0.68 915 4
0.74 916 4
0.93 917 4
0.83 918 4
0.62 919 4
0.63 920 4
0.72 921 4
0.62 922 4
0.58 923 4
0.54 924 4
0.95 925 4
0.52 926 4
0.52 927 4
0.68 928 4
0.73 929 4
0.68 930 4
0.61 931 4
0.76 932 4
0.54 933 4
0.73 934 4
0.64 935 4
0.52 936 4
0.63 937 4
0.73 938 4
0.76 939 4
0.67 940 4
0.75 941 4
0.59 942 4
0.40 943 4
0.89 944 4
0.80 945 4
0.96 946 4
0.74 947 4
0.82 948 4
0.82 949 4
0.76 950 4
0.92 951 4
0.75 952 4
0.63 953 4
0.87 954 4
0.45 955 4
-0.15 956 4
0.67 957 4
0.73 958 4
0.42 959 4
1.04 960 4
0.75 961 4
0.63 962 4
0.79 963 4
0.75 964 4
0.86 965 4
0.72 966 4
0.40 967 4
0.82 968 4
0.76 969 4
0.48 970 4
0.94 971 4
0.59 972 4
0.73 973 4
0.73 974 4
0.81 975 4
0.53 976 4
0.68 977 4
0.45 978 4
0.80 979 4
0.53 980 4
0.81 981 4
0.85 982 4
0.54 983 4
0.49 984 4
0.68 985 4
0.45 986 4
0.83 987 4
0.55 988 4
0.42 989 4
0.47 990 4
0.56 991 4
0.73 992 4
0.89 993 4
0.98 994 4
0.62 995 4
0.77 996 4
0.86 997 4
0.74 998 4
0.72 999 4
0.42 1000 4
0.84 1001 4
0.47 1002 4
0.71 1003 4
0.61 1004 4
0.50 1005 4
0.38 1006 4
0.59 1007 4
-0.07 1008 4
0.18 1009 4
0.63 1010 4
0.78 1011 4
0.74 1012 4
0.50 1013 4
0.37 1014 4
0.35 1015 4
0.54 1016 4
0.31 1017 4
0.65 1018 4
0.59 1019 4
0.72 1020 4
1.01 1021 4
0.63 1022 4
0.13 1023 4
0.72 1024 4
0.59 1025 4
0.57 1026 4
0.58 1027 4
0.60 1028 4
0.68 1029 4
0.53 1030 4
0.43 1031 4
0.60 1032 4
0.99 1033 4
0.65 1034 4
0.75 1035 4
0.86 1036 4
0.79 1037 4
0.56 1038 4
0.83 1039 4
0.01 1040 4
-0.08 1041 4
-0.01 1042 4
-0.18 1043 4
-0.18 1044 4
-0.09 1045 4
-0.07 1046 4
-0.02 1047 4
-0.03 1048 4
-0.20 1049 4
0.05 1050 4
0.01 1051 4
-0.06 1052 4
0.05 1053 4
0.86 1054 5
0.31 1055 5
1.00 1056 5
0.48 1057 5
0.31 1058 5
0.06 1059 5
0.19 1060 5
0.12 1061 5
0.63 1062 5
0.12 1063 5
0.10 1064 5
0.60 1065 5
0.25 1066 5
0.36 1067 5
-0.03 1068 5
0.01 1069 5
-0.07 1070 5
0.00 1071 5
-0.08 1072 5
0.36 1073 5
0.21 1074 5
-0.08 1075 5
0.17 1076 5
-0.17 1077 5
0.01 1078 5
0.05 1079 5
-0.20 1080 5
-0.19 1081 5
-0.04 1082 5
-0.16 1083 5
-0.11 1084 5
-0.12 1085 5
-0.14 1086 5
0.01 1087 5
-0.00 1088 5
-0.19 1089 5
0.10 1090 5
-0.05 1091 5
-0.20 1092 5
-0.09 1093 5
-0.04 1094 5
0.15 1095 5
-0.07 1096 5
0.08 1097 5
-0.08 1098 5
0.08 1099 5
-0.10 1100 5
0.00 1101 5
-0.08 1102 5
0.09 1103 5
0.08 1104 5
0.12 1105 5
0.04 1106 5
-0.00 1107 5
-0.01 1108 5
-0.14 1109 5
0.03 1110 5
-0.18 1111 5
-0.18 1112 5
0.00 1113 5
0.04 1114 5
-0.00 1115 5
-0.07 1116 5
-0.14 1117 5
0.03 1118 5
-0.14 1119 5
-0.15 1120 5
-0.15 1121 5
0.00 1122 5
-0.07 1123 5
0.05 1124 5
0.04 1125 5
-0.09 1126 5
-0.15 1127 5
-0.11 1128 5
0.11 1129 5
-0.05 1130 5
-0.06 1131 5
-0.02 1132 5
0.06 1133 5
-0.11 1134 5
0.05 1135 5
-0.02 1136 5
-0.16 1137 5
0.81 1138 6
0.97 1139 6
0.86 1140 6
0.89 1141 6
1.01 1142 6
0.80 1143 6
0.78 1144 6
0.93 1145 6
0.56 1146 6
0.85 1147 6
0.46 1148 6
1.07 1149 6
0.85 1150 6
0.74 1151 6
0.89 1152 6
0.20 1153 6
0.41 1154 6
0.23 1155 6
0.00 1156 6
-0.09 1157 6
-0.03 1158 6
-0.01 1159 6
0.19 1160 6
-0.00 1161 6
0.13 1162 6
0.18 1163 6
-0.10 1164 6
0.13 1165 6
0.01 1166 6
0.00 1167 6
-0.05 1168 6
-0.04 1169 6
-0.00 1170 6
-0.10 1171 6
-0.07 1172 6
0.02 1173 6
0.09 1174 6
0.04 1175 6
0.13 1176 6
0.10 1177 6
-0.02 1178 6
0.17 1179 7
0.18 1180 7
-0.04 1181 7
0.16 1182 7
0.12 1183 7
-0.00 1184 7
0.02 1185 7
0.25 1186 7
0.17 1187 7
0.06 1188 7
-0.06 1189 7
0.03 1190 7
0.11 1191 7
0.13 1192 7
-0.03 1193 7
0.02 1194 7
0.11 1195 7
-0.02 1196 7
-0.11 1197 7
-0.08 1198 7
-0.00 1199 7
0.02 1200 7
0.10 1201 7
-0.01 1202 7
-0.08 1203 7
0.33 1204 7
0.03 1205 7
0.64 1206 7
-0.04 1207 7
0.26 1208 7
1.17 1209 7
0.13 1210 7
0.15 1211 7
0.76 1212 7
0.24 1213 7
-0.09 1214 7
0.47 1215 7
0.75 1216 7
0.31 1217 7
0.40 1218 7
0.64 1219 8
0.70 1220 8
0.60 1221 8
0.69 1222 8
0.66 1223 8
0.70 1224 8
0.68 1225 8
0.61 1226 8
0.76 1227 8
0.64 1228 8
0.50 1229 8
0.71 1230 8
0.60 1231 8
0.64 1232 8
0.83 1233 8
0.75 1234 8
0.77 1235 8
0.57 1236 8
0.58 1237 8
0.70 1238 8
0.81 1239 8
0.70 1240 8
0.74 1241 8
0.58 1242 8
0.49 1243 8
0.35 1244 8
0.46 1245 8
0.80 1246 8
0.82 1247 8
0.76 1248 8
0.69 1249 8
0.72 1250 8
0.91 1251 8
0.73 1252 8
0.63 1253 8
0.71 1254 8
0.71 1255 8
0.62 1256 8
0.73 1257 8
0.79 1258 8
0.68 1259 8
0.65 1260 8
0.58 1261 8
0.86 1262 8
0.70 1263 8
0.64 1264 8
0.75 1265 8
0.61 1266 8
0.67 1267 8
0.88 1268 8
0.91 1269 8
0.58 1270 8
0.72 1271 8
0.63 1272 8
0.65 1273 8
0.63 1274 8
0.83 1275 8
0.87 1276 8
1.04 1277 8
0.84 1278 8
0.84 1279 8
0.83 1280 8
0.87 1281 8
0.89 1282 8
0.93 1283 8
0.61 1284 8
0.73 1285 8
0.87 1286 8
0.93 1287 8
0.78 1288 8
0.73 1289 8
1.04 1290 8
0.59 1291 8
0.59 1292 8
0.65 1293 8
0.94 1294 8
0.64 1295 8
0.86 1296 8
0.86 1297 8
0.97 1298 8
1.03 1299 8
0.92 1300 8
0.86 1301 8
0.68 1302 8
0.73 1303 8
0.85 1304 8
1.00 1305 8
0.70 1306 8
0.80 1307 8
0.98 1308 8
1.16 1309 8
0.88 1310 8
0.88 1311 8
0.86 1312 8
0.80 1313 8
0.57 1314 8
0.74 1315 8
0.75 1316 8
0.71 1317 8
1.00 1318 8
0.67 1319 8
0.76 1320 8
0.82 1321 8
0.72 1322 8
0.75 1323 8
0.51 1324 8
0.85 1325 8
0.84 1326 8
0.63 1327 8
0.82 1328 8
0.53 1329 8
0.78 1330 8
0.54 1331 8
0.72 1332 8
0.56 1333 8
0.65 1334 8
0.91 1335 8
0.84 1336 8
0.91 1337 8
0.82 1338 8
0.78 1339 8
0.92 1340 8
0.74 1341 8
0.78 1342 8
0.87 1343 8
0.87 1344 8
1.00 1345 8
0.71 1346 8
0.91 1347 8
0.64 1348 8
0.79 1349 8
0.84 1350 8
0.65 1351 8
0.73 1352 8
0.92 1353 8
0.96 1354 8
0.95 1355 8
0.78 1356 8
0.85 1357 8
0.70 1358 8
0.78 1359 8
0.61 1360 8
0.65 1361 8
0.97 1362 8
0.73 1363 8
0.64 1364 8
0.74 1365 8
0.73 1366 8
0.62 1367 8
0.60 1368 8
0.73 1369 8
0.97 1370 8
0.82 1371 8
0.74 1372 8
0.78 1373 8
0.60 1374 8
0.76 1375 8
0.82 1376 8
0.76 1377 8
0.66 1378 8
0.69 1379 8
0.98 1380 8
1.16 1381 8
0.55 1382 8
0.37 1383 8
0.61 1384 8
0.96 1385 8
0.81 1386 8
0.85 1387 8
0.90 1388 8
0.66 1389 8
0.77 1390 8
0.87 1391 8
0.78 1392 8
0.88 1393 8
0.74 1394 8
0.71 1395 8
0.80 1396 8
0.75 1397 8
0.79 1398 8
0.73 1399 8
0.69 1400 8
0.67 1401 8
0.71 1402 8
0.90 1403 8
0.89 1404 8
0.87 1405 8
0.94 1406 8
0.83 1407 8
0.68 1408 8
0.77 1409 8
0.73 1410 8
0.84 1411 8
0.80 1412 8
0.83 1413 8
0.52 1414 8
0.91 1415 8
0.87 1416 8
0.72 1417 8
0.75 1418 8
0.82 1419 8
0.69 1420 8
0.59 1421 8
0.68 1422 8
0.81 1423 8
0.94 1424 8
0.66 1425 8
0.93 1426 8
0.75 1427 8
0.58 1428 8
0.63 1429 8
0.83 1430 8
0.80 1431 8
0.84 1432 8
0.49 1433 8
0.83 1434 8
0.66 1435 8
0.80 1436 8
0.82 1437 8
0.61 1438 8
0.66 1439 8
0.66 1440 8
0.69 1441 8
0.65 1442 8
0.62 1443 8
0.74 1444 8
0.77 1445 8
0.91 1446 8
0.87 1447 8
0.86 1448 8
0.98 1449 8
0.70 1450 8
0.85 1451 8
0.64 1452 8
0.68 1453 8
0.90 1454 8
0.92 1455 8
0.97 1456 8
0.61 1457 8
1.03 1458 8
0.97 1459 8
0.77 1460 8
0.94 1461 8
0.87 1462 8
0.98 1463 8
0.85 1464 8
0.61 1465 8
0.81 1466 8
0.90 1467 8
0.73 1468 8
0.61 1469 8
0.40 1470 8
0.68 1471 8
0.91 1472 8
0.75 1473 8
0.79 1474 8
0.65 1475 8
0.74 1476 8
0.88 1477 8
0.86 1478 8
0.90 1479 8
0.90 1480 8
0.90 1481 8
0.72 1482 8
0.89 1483 8
0.83 1484 8
0.69 1485 8
0.75 1486 8
0.56 1487 8
0.63 1488 8
0.50 1489 8
0.84 1490 8
0.75 1491 8
0.75 1492 8
0.65 1493 8
0.55 1494 8
0.79 1495 8
0.81 1496 8
0.79 1497 8
0.91 1498 8
0.68 1499 8
0.80 1500 8
0.70 1501 8
0.63 1502 8
0.71 1503 8
0.81 1504 8
0.56 1505 8
0.74 1506 8
0.70 1507 8
0.71 1508 8
0.78 1509 8
0.85 1510 8
0.71 1511 8
0.87 1512 8
0.88 1513 8
0.76 1514 8
0.77 1515 8
0.69 1516 8
0.59 1517 8
0.72 1518 8
0.87 1519 8
0.79 1520 8
0.85 1521 8
0.76 1522 8
0.74 1523 8
0.73 1524 8
0.69 1525 8
1.00 1526 8
0.74 1527 8
0.72 1528 8
0.65 1529 8
0.72 1530 8
0.94 1531 8
0.75 1532 8
0.58 1533 8
0.68 1534 8
0.48 1535 8
0.89 1536 8
0.70 1537 8
0.67 1538 8
0.57 1539 8
0.62 1540 8
0.55 1541 8
0.65 1542 8
0.82 1543 8
0.77 1544 8
0.70 1545 8
0.62 1546 8
1.13 1547 8
0.76 1548 8
0.87 1549 8
0.78 1550 8
0.75 1551 8
0.43 1552 8
0.77 1553 8
0.85 1554 8
0.69 1555 8
0.82 1556 8
0.61 1557 8
0.53 1558 8
0.67 1559 8
0.59 1560 8
0.62 1561 8
0.80 1562 8
0.83 1563 8
0.53 1564 8
0.54 1565 8
0.63 1566 8
0.75 1567 8
0.67 1568 8
0.80 1569 8
0.55 1570 8
0.78 1571 8
0.56 1572 8
1.00 1573 8
0.89 1574 8
0.67 1575 8
0.69 1576 8
0.80 1577 8
0.51 1578 8
0.70 1579 8
0.59 1580 8
0.73 1581 8
0.76 1582 8
0.71 1583 8
0.59 1584 8
0.84 1585 8
0.53 1586 8
0.84 1587 8
0.86 1588 8
0.69 1589 8
0.67 1590 8
0.67 1591 8
0.81 1592 8
0.76 1593 8
0.92 1594 8
0.98 1595 9
0.67 1596 9
0.64 1597 9
0.78 1598 9
0.48 1599 9
0.65 1600 9
0.56 1601 9
0.44 1602 9
0.87 1603 9
0.45 1604 9
0.62 1605 9
0.61 1606 9
0.67 1607 9
0.55 1608 9
1.02 1609 9
0.25 1610 9
0.87 1611 9
0.44 1612 9
0.33 1613 9
1.07 1614 9
0.85 1615 9
0.55 1616 9
0.25 1617 9
0.48 1618 9
0.75 1619 9
0.60 1620 9
0.71 1621 9
0.79 1622 9
0.92 1623 9
0.90 1624 9
0.77 1625 9
0.73 1626 9
0.68 1627 9
0.63 1628 9
0.65 1629 9
0.59 1630 9
0.67 1631 9
0.57 1632 9
0.83 1633 9
0.59 1634 9
0.78 1635 9
0.75 1636 9
0.75 1637 9
0.91 1638 9
0.62 1639 9
0.70 1640 9
0.71 1641 9
0.78 1642 9
0.91 1643 9
0.91 1644 9
0.43 1645 9
0.83 1646 9
1.02 1647 9
0.90 1648 9
0.90 1649 9
0.81 1650 9
0.72 1651 9
0.87 1652 9
0.68 1653 9
1.09 1654 9
0.72 1655 9
0.77 1656 9
0.50 1657 9
0.60 1658 9
0.36 1659 9
0.73 1660 9
0.81 1661 9
0.90 1662 9
1.06 1663 9
0.65 1664 9
0.63 1665 9
0.82 1666 9
0.88 1667 9
0.77 1668 9
0.81 1669 9
0.83 1670 9
0.94 1671 9
0.71 1672 9
0.65 1673 9
0.63 1674 9
1.12 1675 9
0.74 1676 9
1.16 1677 9
0.82 1678 9
0.62 1679 9
0.75 1680 9
1.07 1681 9
0.93 1682 9
0.82 1683 9
0.96 1684 9
0.44 1685 9
0.75 1686 9
0.75 1687 9
1.03 1688 9
0.74 1689 9
0.66 1690 9
0.84 1691 9
0.73 1692 9
0.85 1693 9
0.90 1694 9
0.72 1695 9
0.72 1696 9
0.88 1697 9
0.78 1698 9
1.00 1699 9
0.81 1700 9
1.06 1701 9
0.73 1702 9
0.81 1703 9
0.77 1704 9
0.76 1705 9
0.68 1706 9
0.84 1707 9
0.71 1708 9
0.65 1709 9
0.95 1710 9
0.84 1711 9
0.84 1712 9
0.97 1713 9
0.85 1714 9
0.62 1715 9
0.83 1716 9
0.70 1717 9
0.81 1718 9
0.84 1719 9
0.75 1720 9
0.97 1721 9
0.74 1722 9
0.69 1723 9
0.99 1724 9
0.59 1725 9
1.03 1726 9
0.86 1727 9
0.96 1728 9
0.75 1729 9
0.85 1730 9
1.11 1731 9
0.88 1732 9
0.72 1733 9
0.79 1734 9
0.89 1735 9
0.98 1736 9
0.59 1737 9
0.85 1738 9
0.58 1739 9
0.63 1740 9
0.89 1741 9
0.62 1742 9
0.59 1743 9
0.82 1744 9
0.81 1745 9
0.79 1746 9
0.74 1747 9
0.74 1748 9
0.94 1749 9
0.84 1750 9
0.78 1751 9
0.69 1752 9
0.96 1753 9
0.86 1754 9
0.74 1755 9
0.79 1756 9
0.72 1757 9
0.67 1758 9
0.75 1759 9
0.98 1760 9
0.73 1761 9
0.74 1762 9
0.89 1763 9
0.83 1764 9
0.87 1765 9
1.00 1766 9
0.88 1767 9
0.88 1768 9
1.05 1769 9
0.77 1770 9
0.79 1771 9
0.89 1772 9
0.49 1773 9
0.35 1774 9
0.69 1775 9
1.06 1776 9
0.84 1777 9
0.78 1778 9
0.81 1779 9
0.99 1780 9
0.53 1781 9
1.01 1782 9
0.65 1783 9
0.74 1784 9
0.42 1785 9
0.59 1786 9
0.74 1787 9
1.04 1788 9
0.78 1789 9
0.82 1790 9
0.62 1791 9
0.86 1792 9
0.69 1793 9
0.75 1794 9
1.03 1795 9
0.72 1796 9
0.56 1797 9
0.67 1798 9
0.35 1799 9
0.77 1800 9
0.76 1801 9
0.77 1802 9
0.70 1803 9
0.79 1804 9
0.76 1805 9
0.88 1806 9
0.71 1807 9
0.82 1808 9
0.77 1809 9
0.51 1810 9
0.41 1811 9
0.77 1812 9
0.30 1813 9
0.52 1814 9
0.51 1815 9
0.52 1816 9
0.95 1817 9
0.63 1818 9
0.37 1819 9
0.85 1820 9
0.70 1821 9
1.07 1822 9
-0.05 1823 9
0.09 1824 9
0.05 1825 9
-0.01 1826 9
0.14 1827 9
0.60 1828 9
0.48 1829 9
0.63 1830 9
0.58 1831 9
0.90 1832 9
0.30 1833 10
0.43 1834 10
0.63 1835 10
0.66 1836 10
0.74 1837 10
0.89 1838 10
0.89 1839 10
0.61 1840 10
0.77 1841 10
0.82 1842 10
0.74 1843 10
0.71 1844 10
0.61 1845 10
-0.04 1846 10
0.07 1847 10
0.50 1848 10
0.52 1849 10
0.71 1850 10
0.73 1851 10
0.75 1852 10
0.89 1853 10
0.73 1854 10
0.54 1855 10
0.72 1856 10
0.66 1857 10
0.59 1858 10
0.65 1859 10
0.74 1860 10
0.73 1861 10
0.58 1862 10
0.59 1863 10
0.64 1864 10
0.71 1865 10
0.75 1866 10
0.71 1867 10
0.65 1868 10
0.67 1869 10
0.55 1870 10
0.45 1871 10
0.83 1872 10
0.60 1873 10
0.75 1874 10
0.61 1875 10
0.85 1876 10
0.77 1877 10
0.64 1878 10
0.89 1879 10
0.77 1880 10
0.69 1881 10
0.59 1882 10
0.74 1883 10
0.60 1884 10
0.64 1885 10
0.64 1886 10
0.76 1887 10
0.56 1888 10
0.51 1889 10
0.66 1890 10
0.75 1891 10
0.70 1892 10
0.66 1893 10
0.58 1894 10
0.63 1895 10
0.63 1896 10
0.72 1897 10
0.45 1898 10
0.36 1899 10
0.63 1900 10
0.58 1901 10
0.71 1902 10
0.73 1903 10
0.80 1904 10
0.47 1905 10
0.61 1906 10
0.67 1907 10
0.66 1908 10
0.76 1909 10
0.78 1910 10
0.77 1911 10
0.73 1912 10
0.62 1913 10
0.74 1914 10
0.50 1915 10
0.72 1916 10
0.65 1917 10
0.64 1918 10
0.78 1919 10
0.63 1920 10
0.91 1921 10
0.81 1922 10
0.66 1923 10
1.07 1924 10
0.73 1925 10
0.46 1926 10
0.63 1927 10
0.77 1928 10
0.68 1929 10
0.65 1930 10
0.84 1931 10
0.66 1932 10
0.62 1933 10
0.87 1934 10
0.48 1935 10
0.14 1936 10
0.46 1937 10
0.46 1938 10
0.42 1939 10
0.64 1940 10
0.51 1941 10
0.56 1942 10
0.70 1943 10
0.66 1944 10
0.85 1945 10
0.75 1946 10
0.71 1947 10
0.72 1948 10
0.71 1949 10
0.46 1950 10
0.67 1951 10
0.61 1952 10
0.68 1953 10
0.68 1954 10
0.63 1955 10
0.57 1956 10
0.71 1957 10
0.65 1958 10
0.74 1959 10
0.59 1960 10
0.46 1961 10
0.47 1962 10
0.39 1963 10
0.69 1964 10
0.42 1965 10
0.59 1966 10
0.79 1967 11
0.83 1968 11
1.02 1969 11
0.81 1970 11
0.42 1971 11
0.70 1972 11
0.88 1973 11
0.85 1974 11
0.75 1975 11
0.62 1976 11
0.65 1977 11
0.89 1978 11
0.75 1979 11
1.12 1980 11
0.69 1981 11
0.59 1982 11
0.70 1983 11
0.58 1984 11
1.11 1985 11
1.01 1986 11
0.86 1987 11
0.85 1988 11
0.94 1989 11
0.90 1990 11
0.67 1991 11
0.75 1992 11
0.80 1993 11
0.81 1994 11
0.80 1995 11
0.85 1996 11
0.62 1997 11
1.01 1998 11
0.85 1999 11
0.89 2000 11
1.07 2001 11
1.15 2002 11
0.76 2003 11
0.74 2004 11
0.83 2005 11
0.25 2006 11
0.52 2007 11
0.30 2008 11
0.19 2009 11
0.46 2010 11
0.57 2011 11
0.14 2012 11
0.43 2013 11
0.36 2014 11
0.30 2015 11
0.34 2016 11
0.23 2017 11
0.03 2018 11
0.13 2019 11
-0.06 2020 11
-0.10 2021 11
0.00 2022 11
-0.11 2023 11
0.14 2024 11
0.07 2025 11
0.13 2026 11
0.04 2027 11
-0.15 2028 11
0.15 2029 11
-0.00 2030 11
-0.07 2031 11
-0.06 2032 11
-0.01 2033 11
0.09 2034 11
0.02 2035 11
0.07 2036 11
-0.10 2037 11
-0.09 2038 11
0.15 2039 11
0.13 2040 11
0.17 2041 11
-0.09 2042 11
-0.15 2043 11
-0.06 2044 11
-0.04 2045 11
-0.09 2046 11
-0.06 2047 11
0.04 2048 11
-0.00 2049 11
-0.03 2050 11
0.04 2051 11
0.06 2052 11
0.01 2053 11
0.18 2054 11
0.10 2055 11
0.04 2056 11
0.07 2057 11
-0.01 2058 11
-0.02 2059 11
0.06 2060 11
-0.07 2061 11
-0.11 2062 11
-0.08 2063 11
-0.07 2064 11
-0.00 2065 11
0.17 2066 11
-0.12 2067 11
0.11 2068 11
-0.03 2069 11
-0.07 2070 11
-0.12 2071 11
0.00 2072 11
-0.00 2073 11
0.17 2074 11
-0.12 2075 11
0.07 2076 11
0.05 2077 11
-0.00 2078 11
-0.06 2079 11
0.15 2080 11
-0.02 2081 11
0.07 2082 11
0.01 2083 11
0.02 2084 11
0.13 2085 11
-0.18 2086 11
0.00 2087 11
-0.17 2088 11
-0.14 2089 11
-0.11 2090 11
0.03 2091 11
0.17 2092 11
-0.14 2093 11
0.16 2094 11
0.02 2095 11
0.11 2096 11
0.06 2097 11
0.04 2098 11
0.17 2099 11
-0.10 2100 11
0.04 2101 11
0.06 2102 11
0.13 2103 11
0.03 2104 11
0.04 2105 11
0.05 2106 11
0.23 2107 11
0.15 2108 11
0.15 2109 11
-0.01 2110 11
-0.00 2111 11
0.00 2112 11
-0.12 2113 11
0.00 2114 11
-0.03 2115 11
-0.20 2116 11
0.07 2117 11
0.55 2118 12
0.43 2119 12
0.46 2120 12
0.41 2121 12
0.27 2122 12
0.54 2123 12
0.43 2124 12
0.50 2125 12
0.48 2126 12
0.44 2127 12
0.75 2128 12
0.52 2129 12
0.49 2130 12
0.48 2131 12
0.63 2132 12
0.38 2133 12
0.31 2134 12
0.50 2135 12
0.48 2136 12
0.55 2137 12
0.61 2138 12
0.50 2139 12
0.52 2140 12
0.44 2141 12
0.54 2142 12
0.16 2143 12
0.53 2144 12
0.33 2145 12
0.68 2146 12
0.31 2147 12
0.39 2148 12
0.54 2149 12
0.37 2150 12
0.36 2151 12
0.63 2152 12
0.70 2153 12
0.51 2154 12
0.49 2155 12
0.57 2156 12
0.21 2157 12
0.21 2158 12
0.04 2159 12
0.57 2160 12
0.52 2161 12
0.56 2162 12
0.35 2163 12
0.43 2164 12
0.59 2165 12
0.30 2166 12
0.42 2167 12
0.43 2168 12
0.68 2169 12
0.53 2170 12
0.26 2171 12
0.56 2172 12
0.35 2173 12
0.43 2174 12
0.54 2175 12
0.61 2176 12
0.66 2177 12
0.70 2178 12
0.38 2179 12
0.31 2180 12
0.38 2181 12
0.09 2182 12
0.35 2183 12
0.67 2184 12
0.60 2185 12
0.49 2186 12
0.19 2187 12
0.24 2188 12
0.58 2189 12
0.39 2190 12
0.27 2191 12
0.17 2192 12
0.45 2193 12
0.34 2194 12
0.32 2195 12
0.51 2196 12
0.24 2197 12
0.16 2198 12
0.25 2199 12
0.42 2200 12
0.40 2201 12
0.44 2202 12
0.66 2203 12
0.32 2204 12
0.40 2205 12
0.61 2206 12
0.28 2207 12
0.50 2208 12
0.47 2209 12
0.60 2210 12
0.40 2211 12
0.55 2212 12
0.46 2213 12
0.58 2214 12
0.47 2215 12
0.50 2216 12
0.26 2217 12
0.67 2218 12
0.42 2219 12
0.36 2220 12
0.32 2221 12
0.46 2222 12
0.27 2223 12
0.38 2224 12
0.59 2225 12
0.28 2226 12
0.46 2227 12
0.57 2228 12
0.84 2229 12
0.37 2230 12
0.49 2231 12
0.43 2232 12
0.33 2233 12
0.56 2234 12
0.45 2235 12
0.45 2236 12
0.33 2237 12
0.48 2238 12
0.20 2239 12
0.62 2240 12
0.64 2241 12
0.40 2242 12
0.37 2243 12
0.30 2244 12
0.29 2245 12
0.51 2246 12
0.33 2247 12
0.40 2248 12
0.54 2249 12
0.32 2250 12
0.94 2251 12
0.47 2252 12
0.55 2253 12
0.57 2254 12
0.89 2255 12
1.01 2256 12
0.80 2257 12
0.56 2258 12
0.88 2259 12
-0.05 2260 12
0.22 2261 12
0.13 2262 12
0.01 2263 12
0.10 2264 12
-0.07 2265 12
-0.06 2266 12
0.30 2267 12
-0.02 2268 12
0.13 2269 12
0.05 2270 12
-0.19 2271 12
0.24 2272 12
-0.08 2273 12
0.25 2274 12
0.22 2275 12
0.14 2276 12
0.23 2277 12
0.18 2278 12
0.02 2279 12
0.16 2280 12
0.23 2281 12
0.06 2282 12
0.12 2283 12
0.02 2284 12
-0.11 2285 12
-0.06 2286 12
0.13 2287 12
0.36 2288 12
0.28 2289 12
0.26 2290 12
0.06 2291 12
0.13 2292 12
0.45 2293 12
0.15 2294 12
0.38 2295 12
-0.03 2296 12
0.62 2297 12
-0.15 2298 12
-0.19 2299 12
0.43 2300 12
0.19 2301 12
0.30 2302 12
0.41 2303 12
-0.16 2304 12
0.21 2305 12
-0.04 2306 12
0.03 2307 12
-0.09 2308 12
-0.10 2309 12
0.08 2310 12
0.00 2311 12
0.27 2312 12
0.16 2313 12
0.14 2314 12
-0.10 2315 12
0.24 2316 12
0.32 2317 12
0.36 2318 12
0.22 2319 12
-0.16 2320 12
-0.11 2321 12
0.33 2322 12
0.12 2323 12
-0.12 2324 12
-0.09 2325 12
-0.03 2326 12
-0.17 2327 12
0.04 2328 12
-0.18 2329 12
-0.11 2330 12
-0.05 2331 12
0.33 2332 12
-0.01 2333 12
0.07 2334 12
0.19 2335 12
0.02 2336 12
-0.01 2337 12
-0.05 2338 12
0.22 2339 12
0.16 2340 12
0.34 2341 12
-0.15 2342 12
-0.16 2343 12
0.18 2344 12
0.12 2345 12
0.17 2346 12
0.01 2347 12
0.19 2348 12
0.00 2349 12
0.47 2350 12
0.20 2351 12
0.07 2352 12
0.65 2353 12
-0.12 2354 12
-0.11 2355 12
0.06 2356 12
-0.19 2357 12
0.11 2358 12
0.15 2359 12
0.47 2360 12
0.54 2361 13
0.41 2362 13
0.49 2363 13
0.55 2364 13
0.17 2365 13
-0.05 2366 13
0.18 2367 13
0.09 2368 13
-0.19 2369 13
0.23 2370 13
0.38 2371 13
0.04 2372 13
-0.20 2373 13
0.10 2374 13
-0.05 2375 13
0.09 2376 13
0.04 2377 13
0.24 2378 13
0.26 2379 13
-0.02 2380 13
0.20 2381 13
-0.09 2382 13
0.18 2383 13
-0.05 2384 13
0.09 2385 13
0.08 2386 13
0.36 2387 13
0.26 2388 13
0.06 2389 13
-0.11 2390 13
0.04 2391 13
-0.10 2392 13
0.05 2393 13
-0.14 2394 13
0.05 2395 13
0.24 2396 13
0.60 2397 13
0.25 2398 13
0.17 2399 13
0.27 2400 13
0.30 2401 13
0.01 2402 13
-0.15 2403 13
-0.01 2404 13
-0.19 2405 13
0.28 2406 13
0.08 2407 13
0.06 2408 13
0.12 2409 13
0.09 2410 13
-0.11 2411 13
0.09 2412 13
0.30 2413 13
0.14 2414 13
0.01 2415 13
0.34 2416 13
0.23 2417 13
-0.04 2418 13
-0.08 2419 13
-0.06 2420 13
0.23 2421 13
0.23 2422 13
0.26 2423 13
0.46 2424 13
0.22 2425 13
0.10 2426 13
0.12 2427 13
0.24 2428 13
0.03 2429 13
-0.06 2430 13
0.09 2431 13
0.22 2432 13
-0.06 2433 13
-0.10 2434 13
0.10 2435 13
0.02 2436 13
0.19 2437 13
0.29 2438 13
0.31 2439 14
0.12 2440 14
0.16 2441 14
0.11 2442 14
0.13 2443 14
0.19 2444 14
0.25 2445 14
0.19 2446 14
0.25 2447 14
0.26 2448 14
0.13 2449 14
0.06 2450 14
0.04 2451 14
-0.05 2452 14
0.10 2453 14
-0.03 2454 14
0.21 2455 14
0.13 2456 14
0.01 2457 14
0.16 2458 14
0.35 2459 14
0.10 2460 14
0.19 2461 14
-0.03 2462 14
-0.06 2463 14
0.13 2464 14
0.09 2465 14
0.26 2466 14
0.28 2467 14
-0.02 2468 14
0.04 2469 14
-0.06 2470 14
0.10 2471 14
0.13 2472 14
0.19 2473 14
0.17 2474 14
0.19 2475 14
0.11 2476 14
0.04 2477 14
0.10 2478 14
0.12 2479 14
0.22 2480 14
0.00 2481 14
0.06 2482 14
0.12 2483 14
0.03 2484 14
0.11 2485 14
0.19 2486 14
0.02 2487 14
0.05 2488 14
-0.13 2489 14
0.03 2490 14
0.13 2491 14
0.08 2492 14
0.16 2493 14
0.11 2494 14
0.09 2495 14
0.29 2496 14
0.23 2497 14
0.05 2498 14
0.32 2499 14
0.18 2500 14
0.13 2501 14
0.18 2502 14
0.09 2503 14
0.21 2504 14
0.06 2505 14
0.13 2506 14
0.15 2507 14
-0.00 2508 14
0.09 2509 14
0.14 2510 14
-0.17 2511 14
0.00 2512 14
-0.16 2513 14
0.00 2514 14
-0.13 2515 14
-0.06 2516 14
-0.02 2517 14
0.05 2518 14
0.02 2519 14
-0.08 2520 14
-0.00 2521 14
-0.02 2522 14
-0.09 2523 14
0.01 2524 14
0.12 2525 14
0.08 2526 14
0.03 2527 14
0.12 2528 14
0.09 2529 14
0.20 2530 14
0.23 2531 14
0.23 2532 14
0.16 2533 14
0.32 2534 14
0.25 2535 14
0.04 2536 14
0.05 2537 14
-0.07 2538 14
0.07 2539 14
0.05 2540 14
0.09 2541 14
0.03 2542 14
-0.12 2543 14
0.12 2544 14
0.23 2545 14
0.29 2546 14
0.02 2547 14
0.08 2548 14
0.27 2549 14
0.16 2550 14
-0.18 2551 14
0.08 2552 14
0.29 2553 14
-0.07 2554 14
0.19 2555 14
0.34 2556 14
0.06 2557 14
0.04 2558 14
0.57 2559 14
0.80 2560 14
1.20 2561 14
1.07 2562 14
0.77 2563 14
1.02 2564 14
0.63 2565 14
0.67 2566 14
0.34 2567 14
0.73 2568 14
0.67 2569 14
1.04 2570 14
0.54 2571 14
0.74 2572 14
0.58 2573 14
0.54 2574 14
0.49 2575 14
0.44 2576 14
0.79 2577 14
0.57 2578 14
0.27 2579 14
0.95 2580 14
1.18 2581 14
0.69 2582 14
0.55 2583 14
0.95 2584 14
0.89 2585 14
0.74 2586 14
0.79 2587 14
0.53 2588 14
1.01 2589 14
0.49 2590 14
0.75 2591 14
0.67 2592 15
0.98 2593 15
1.04 2594 15
0.59 2595 15
0.48 2596 15
0.75 2597 15
0.40 2598 15
0.55 2599 15
0.72 2600 15
0.90 2601 15
0.75 2602 15
0.97 2603 15
0.84 2604 15
0.82 2605 15
0.66 2606 15
0.30 2607 15
-0.02 2608 15
-0.18 2609 15
-0.07 2610 15
-0.08 2611 15
-0.14 2612 15
-0.09 2613 15
-0.10 2614 15
0.32 2615 15
0.06 2616 15
0.04 2617 15
-0.11 2618 15
-0.05 2619 15
-0.02 2620 15
0.33 2621 15
0.18 2622 15
0.01 2623 15
-0.00 2624 15
-0.17 2625 15
-0.03 2626 15
0.19 2627 15
0.03 2628 15
-0.00 2629 15
-0.16 2630 15
0.03 2631 15
-0.13 2632 15
0.23 2633 15
-0.04 2634 15
-0.09 2635 15
-0.03 2636 15
0.45 2637 16
0.39 2638 16
0.46 2639 16
0.41 2640 16
0.40 2641 16
0.41 2642 16
0.42 2643 16
0.46 2644 16
0.61 2645 16
0.54 2646 16
0.57 2647 16
0.55 2648 16
0.61 2649 16
0.27 2650 16
0.43 2651 16
0.71 2652 16
0.51 2653 16
0.57 2654 16
0.65 2655 16
0.57 2656 16
0.55 2657 16
0.65 2658 16
0.64 2659 16
0.89 2660 16
0.66 2661 16
0.47 2662 16
0.67 2663 16
0.62 2664 16
0.57 2665 16
0.73 2666 16
0.66 2667 16
0.65 2668 16
0.89 2669 16
0.82 2670 16
0.66 2671 16
0.75 2672 16
0.43 2673 16
0.46 2674 16
0.48 2675 16
0.36 2676 16
0.55 2677 16
0.67 2678 16
0.62 2679 16
0.70 2680 16
0.80 2681 16
0.96 2682 16
0.48 2683 16
0.57 2684 16
0.64 2685 16
0.48 2686 16
0.60 2687 16
0.69 2688 16
0.41 2689 16
0.70 2690 16
0.46 2691 16
0.49 2692 16
0.87 2693 16
0.92 2694 16
0.68 2695 16
0.78 2696 16
0.84 2697 16
0.87 2698 16
0.75 2699 16
0.64 2700 16
0.64 2701 16
0.70 2702 16
0.83 2703 16
0.70 2704 16
0.62 2705 16
0.77 2706 16
0.87 2707 16
0.55 2708 16
0.31 2709 16
0.79 2710 16
0.50 2711 16
0.44 2712 16
0.56 2713 16
0.47 2714 16
0.44 2715 16
0.66 2716 16
0.45 2717 16
0.62 2718 16
0.70 2719 16
0.63 2720 16
0.52 2721 16
0.70 2722 16
0.41 2723 16
0.61 2724 16
0.51 2725 16
0.55 2726 16
0.43 2727 16
0.56 2728 16
0.39 2729 16
0.77 2730 16
0.64 2731 16
0.37 2732 16
0.70 2733 16
0.56 2734 16
0.56 2735 16
0.77 2736 16
0.64 2737 16
0.50 2738 16
0.94 2739 16
0.92 2740 16
0.70 2741 16
0.39 2742 16
0.40 2743 16
0.48 2744 16
0.50 2745 16
0.43 2746 16
0.50 2747 16
0.73 2748 16
0.50 2749 16
0.80 2750 16
0.91 2751 16
0.87 2752 16
0.51 2753 16
0.70 2754 16
0.83 2755 16
0.73 2756 16
0.92 2757 16
0.69 2758 16
0.84 2759 16
0.83 2760 16
0.58 2761 16
0.74 2762 16
0.89 2763 16
0.89 2764 16
0.96 2765 16
1.13 2766 16
0.94 2767 16
0.68 2768 16
0.90 2769 16
1.11 2770 16
0.62 2771 16
0.91 2772 16
0.97 2773 16
0.98 2774 16
0.88 2775 16
1.08 2776 16
0.64 2777 16
0.71 2778 16
0.88 2779 16
0.69 2780 16
0.65 2781 16
0.60 2782 16
0.83 2783 16
0.38 2784 16
0.61 2785 16
0.84 2786 16
0.89 2787 16
0.68 2788 16
0.58 2789 16
0.78 2790 16
0.77 2791 16
0.68 2792 16
0.68 2793 16
0.66 2794 16
0.55 2795 16
0.52 2796 16
0.57 2797 16
0.65 2798 16
0.46 2799 16
0.46 2800 16
0.62 2801 16
0.47 2802 16
0.44 2803 16
0.25 2804 16
0.50 2805 16
0.35 2806 16
0.61 2807 16
0.53 2808 16
0.67 2809 16
0.45 2810 16
0.51 2811 16
0.49 2812 16
0.59 2813 16
0.58 2814 16
0.38 2815 16
0.34 2816 16
0.63 2817 16
0.48 2818 16
0.64 2819 16
0.59 2820 16
0.42 2821 16
0.46 2822 16
0.52 2823 16
0.73 2824 16
0.94 2825 16
0.70 2826 16
0.56 2827 16
0.89 2828 16
0.70 2829 16
0.76 2830 16
0.91 2831 16
1.03 2832 16
0.50 2833 16
0.63 2834 16
0.64 2835 16
0.88 2836 16
0.69 2837 16
0.74 2838 16
0.81 2839 16
0.56 2840 16
0.60 2841 16
0.63 2842 16
0.50 2843 16
0.52 2844 16
0.45 2845 16
0.42 2846 16
0.51 2847 16
0.74 2848 16
0.32 2849 16
0.63 2850 16
0.69 2851 16
0.78 2852 16
0.55 2853 16
0.45 2854 16
0.97 2855 16
1.16 2856 16
0.84 2857 16
0.70 2858 16
0.52 2859 16
0.66 2860 16
0.93 2861 16
0.94 2862 16
0.74 2863 16
0.87 2864 16
1.03 2865 16
0.48 2866 16
0.67 2867 16
0.61 2868 16
0.74 2869 16
0.65 2870 16
0.86 2871 16
0.73 2872 16
0.73 2873 16
0.67 2874 16
0.97 2875 16
0.83 2876 16
0.68 2877 16
0.79 2878 16
0.82 2879 16
0.64 2880 16
0.67 2881 16
0.77 2882 16
0.77 2883 16
0.85 2884 16
0.72 2885 16
0.99 2886 16
0.82 2887 16
0.65 2888 16
0.63 2889 16
0.45 2890 16
0.76 2891 16
1.00 2892 16
0.67 2893 16
1.20 2894 16
0.94 2895 16
0.61 2896 16
0.79 2897 16
0.69 2898 16
0.71 2899 16
0.54 2900 16
0.49 2901 16
0.71 2902 16
0.64 2903 16
0.71 2904 16
0.66 2905 16
0.81 2906 16
0.59 2907 16
0.72 2908 16
0.61 2909 16
0.77 2910 16
0.80 2911 16
0.71 2912 16
0.52 2913 16
0.65 2914 16
0.63 2915 16
0.85 2916 16
0.61 2917 16
0.89 2918 16
0.74 2919 16
0.62 2920 16
0.55 2921 16
0.64 2922 16
0.71 2923 16
0.94 2924 16
0.50 2925 16
0.62 2926 16
0.65 2927 16
0.62 2928 16
0.45 2929 16
1.10 2930 16
0.66 2931 16
0.47 2932 16
0.42 2933 16
0.62 2934 16
0.58 2935 16
0.69 2936 16
0.56 2937 16
0.67 2938 16
0.61 2939 16
0.60 2940 16
0.72 2941 16
0.65 2942 16
0.70 2943 16
0.85 2944 16
0.79 2945 16
0.60 2946 16
0.66 2947 16
0.56 2948 16
0.46 2949 16
0.38 2950 16
0.48 2951 16
0.55 2952 16
0.41 2953 16
0.48 2954 16
0.46 2955 16
0.45 2956 16
0.85 2957 16
0.61 2958 16
0.88 2959 16
0.58 2960 16
0.71 2961 16
0.48 2962 16
0.97 2963 16
0.69 2964 16
0.52 2965 16
0.73 2966 16
0.66 2967 16
0.75 2968 16
0.51 2969 16
0.74 2970 16
0.82 2971 16
0.59 2972 16
0.86 2973 16
0.58 2974 16
0.68 2975 16
0.77 2976 16
0.62 2977 16
0.36 2978 16
1.13 2979 16
0.91 2980 16
0.49 2981 16
0.68 2982 16
0.66 2983 16
0.76 2984 16
0.52 2985 16
0.62 2986 16
0.90 2987 16
0.58 2988 16
0.76 2989 16
0.67 2990 16
0.70 2991 16
0.58 2992 16
0.88 2993 16
0.78 2994 16
0.85 2995 16
0.71 2996 16
0.90 2997 16
0.67 2998 16
1.00 2999 16
0.96 3000 16
0.71 3001 16
0.56 3002 16
0.66 3003 16
0.78 3004 16
1.11 3005 16
0.59 3006 16
0.49 3007 16
0.39 3008 16
0.15 3009 16
-0.08 3010 16
0.23 3011 16
0.13 3012 16
-0.00 3013 16
-0.08 3014 16
-0.01 3015 16
0.05 3016 16
0.11 3017 16
0.09 3018 16
0.24 3019 16
-0.12 3020 16
0.11 3021 16
-0.04 3022 16
0.03 3023 16
-0.03 3024 16
0.06 3025 16
-0.20 3026 16
-0.14 3027 16
-0.09 3028 16
0.03 3029 16
-0.01 3030 16
-0.12 3031 16
0.02 3032 16
0.12 3033 16
-0.02 3034 16
0.14 3035 16
0.09 3036 16
-0.13 3037 16
0.00 3038 16
-0.03 3039 16
-0.10 3040 16
-0.20 3041 16
-0.09 3042 16
-0.10 3043 16
0.18 3044 16
0.54 3045 16
-0.03 3046 16
-0.11 3047 16
0.63 3048 16
0.28 3049 16
-0.08 3050 16
0.37 3051 16
0.38 3052 16
0.19 3053 16
0.19 3054 16
0.15 3055 16
-0.05 3056 16
0.25 3057 16
-0.02 3058 16
0.24 3059 16
0.00 3060 16
-0.01 3061 16
0.65 3062 16
0.43 3063 16
0.32 3064 16
0.09 3065 16
0.76 3066 16
0.19 3067 16
0.50 3068 16
0.46 3069 16
0.18 3070 16
0.49 3071 16
1.16 3072 16
-0.06 3073 16
0.35 3074 16
0.29 3075 16
-0.14 3076 16
-0.06 3077 16
0.23 3078 16
-0.10 3079 16
0.42 3080 16
-0.14 3081 16
0.20 3082 16
-0.08 3083 16
0.15 3084 16
0.01 3085 16
0.01 3086 16
0.11 3087 16
0.05 3088 16
0.39 3089 16
0.03 3090 16
0.22 3091 16
0.13 3092 16
0.12 3093 16
0.34 3094 16
0.06 3095 16
-0.19 3096 16
0.14 3097 16
0.23 3098 16
0.58 3099 16
0.08 3100 16
0.10 3101 16
0.09 3102 16
0.10 3103 16
0.62 3104 16
0.27 3105 16
0.47 3106 16
0.14 3107 16
-0.02 3108 16
-0.06 3109 16
-0.12 3110 16
-0.04 3111 16
-0.02 3112 16
0.13 3113 16
-0.00 3114 16
-0.12 3115 16
-0.01 3116 16
-0.03 3117 16
0.32 3118 16
0.08 3119 16
0.18 3120 16
-0.09 3121 16
0.08 3122 16
0.07 3123 16
0.07 3124 16
-0.00 3125 16
-0.06 3126 16
-0.03 3127 16
0.11 3128 16
0.06 3129 16
0.10 3130 16
-0.10 3131 16
0.02 3132 16
-0.02 3133 16
0.01 3134 16
0.10 3135 16
0.10 3136 16
0.03 3137 16
-0.02 3138 16
0.02 3139 16
-0.06 3140 16
0.08 3141 16
0.03 3142 16
0.13 3143 16
0.01 3144 16
0.07 3145 16
0.05 3146 16
0.09 3147 16
-0.02 3148 16
0.16 3149 16
0.38 3150 16
0.07 3151 16
0.29 3152 16
0.10 3153 16
0.04 3154 16
0.10 3155 16
0.18 3156 16
0.08 3157 16
-0.01 3158 16
0.28 3159 16
-0.01 3160 16
0.08 3161 16
0.16 3162 16
-0.00 3163 16
0.10 3164 16
0.27 3165 16
0.06 3166 16
0.08 3167 16
0.12 3168 16
-0.13 3169 16
0.16 3170 16
0.13 3171 16
0.12 3172 16
0.06 3173 16
-0.03 3174 16
-0.12 3175 16
0.12 3176 16
0.21 3177 16
0.30 3178 16
0.10 3179 16
0.09 3180 16
0.09 3181 16
-0.11 3182 16
-0.00 3183 16
0.02 3184 16
0.18 3185 16
0.01 3186 16
0.04 3187 16
0.28 3188 16
0.17 3189 16
0.15 3190 16
0.26 3191 16
-0.01 3192 16
-0.08 3193 16
0.20 3194 16
0.02 3195 16
0.20 3196 16
-0.04 3197 16
0.01 3198 16
0.32 3199 16
0.19 3200 16
0.09 3201 16
0.13 3202 16
0.32 3203 16
0.41 3204 16
0.14 3205 16
-0.01 3206 16
0.41 3207 16
0.21 3208 16
0.16 3209 16
0.94 3210 17
0.91 3211 17
0.99 3212 17
0.96 3213 17
0.97 3214 17
0.77 3215 17
0.33 3216 17
0.41 3217 17
0.92 3218 17
0.87 3219 17
0.35 3220 17
0.40 3221 17
1.01 3222 17
0.17 3223 17
0.04 3224 17
0.12 3225 17
-0.02 3226 17
-0.12 3227 17
0.04 3228 17
-0.04 3229 17
0.29 3230 17
-0.10 3231 17
-0.03 3232 17
-0.00 3233 17
-0.08 3234 17
-0.08 3235 17
-0.03 3236 17
0.18 3237 17
-0.04 3238 17
0.03 3239 17
-0.14 3240 17
-0.20 3241 17
0.13 3242 17
0.12 3243 17
-0.20 3244 17
0.01 3245 17
-0.13 3246 17
0.05 3247 17
0.02 3248 17
0.02 3249 17
-0.11 3250 17
-0.20 3251 17
-0.11 3252 17
-0.00 3253 17
0.06 3254 17
-0.16 3255 17
-0.03 3256 17
0.89 3257 18
1.19 3258 18
0.89 3259 18
0.55 3260 18
0.83 3261 18
1.10 3262 18
0.80 3263 18
1.14 3264 18
0.80 3265 18
1.05 3266 18
0.88 3267 18
0.76 3268 18
0.68 3269 18
0.75 3270 18
1.05 3271 18
1.10 3272 18
0.85 3273 18
0.79 3274 18
0.77 3275 18
0.98 3276 18
0.72 3277 18
0.63 3278 18
0.77 3279 18
0.75 3280 18
0.76 3281 18
0.97 3282 18
0.69 3283 18
0.54 3284 18
0.86 3285 18
0.87 3286 18
1.00 3287 18
0.75 3288 18
0.97 3289 18
0.83 3290 18
0.93 3291 18
0.99 3292 18
1.00 3293 18
0.61 3294 18
1.05 3295 18
0.87 3296 18
1.01 3297 18
0.83 3298 18
1.11 3299 18
0.94 3300 18
0.89 3301 18
0.59 3302 18
1.04 3303 18
0.66 3304 18
0.97 3305 18
0.77 3306 18
1.05 3307 18
0.78 3308 18
0.93 3309 18
0.52 3310 18
0.58 3311 18
0.76 3312 18
0.67 3313 18
0.60 3314 18
0.74 3315 18
0.78 3316 18
0.58 3317 18
1.05 3318 18
0.96 3319 18
0.86 3320 18
0.73 3321 18
0.99 3322 18
0.57 3323 18
1.16 3324 18
0.74 3325 18
0.77 3326 18
0.79 3327 18
0.85 3328 18
0.76 3329 18
0.75 3330 18
1.07 3331 18
0.86 3332 18
0.65 3333 18
0.75 3334 18
0.47 3335 18
0.56 3336 18
0.92 3337 18
0.64 3338 18
0.68 3339 18
0.49 3340 18
0.95 3341 18
0.77 3342 18
0.83 3343 18
0.78 3344 18
0.56 3345 18
0.79 3346 18
0.77 3347 18
0.60 3348 18
0.70 3349 18
0.65 3350 18
0.73 3351 18
0.66 3352 18
0.61 3353 18
0.90 3354 18
1.01 3355 18
1.06 3356 18
0.89 3357 18
1.11 3358 18
0.65 3359 18
0.94 3360 18
0.80 3361 18
0.89 3362 18
0.65 3363 18
0.80 3364 18
0.40 3365 18
1.20 3366 18
0.87 3367 18
0.99 3368 18
0.70 3369 18
1.09 3370 18
0.84 3371 18
0.95 3372 18
0.76 3373 18
0.63 3374 18
1.18 3375 18
0.47 3376 18
0.59 3377 18
0.74 3378 18
1.11 3379 18
0.63 3380 18
0.78 3381 18
0.98 3382 18
1.04 3383 18
0.72 3384 18
0.65 3385 18
0.71 3386 18
0.58 3387 18
0.68 3388 18
0.99 3389 18
0.72 3390 18
0.47 3391 18
0.71 3392 18
0.62 3393 18
0.80 3394 18
0.72 3395 18
0.64 3396 18
0.47 3397 18
0.91 3398 18
0.09 3399 18
-0.02 3400 18
0.00 3401 18
-0.19 3402 18
0.10 3403 18
-0.03 3404 18
0.16 3405 18
0.01 3406 18
-0.15 3407 18
-0.13 3408 18
0.01 3409 18
-0.00 3410 18
-0.00 3411 18
-0.05 3412 18
0.05 3413 18
0.05 3414 18
-0.04 3415 18
-0.19 3416 18
0.14 3417 18
0.00 3418 18
-0.09 3419 18
-0.01 3420 18
-0.15 3421 18
-0.03 3422 18
-0.13 3423 18
0.12 3424 18
-0.20 3425 18
0.05 3426 18
0.11 3427 18
0.92 3428 19
0.84 3429 19
1.00 3430 19
0.76 3431 19
0.91 3432 19
0.91 3433 19
0.88 3434 19
0.79 3435 19
0.80 3436 19
0.77 3437 19
0.72 3438 19
0.42 3439 19
0.90 3440 19
0.83 3441 19
0.86 3442 19
0.92 3443 19
0.59 3444 19
0.72 3445 19
0.77 3446 19
0.68 3447 19
0.78 3448 19
0.66 3449 19
0.84 3450 19
0.96 3451 19
0.56 3452 19
0.39 3453 19
0.65 3454 19
0.85 3455 19
0.31 3456 19
0.73 3457 19
0.77 3458 19
0.55 3459 19
0.97 3460 19
0.75 3461 19
1.09 3462 19
0.74 3463 19
0.65 3464 19
0.55 3465 19
0.67 3466 19
0.73 3467 19
0.85 3468 19
0.73 3469 19
0.69 3470 19
1.05 3471 19
0.63 3472 19
0.90 3473 19
0.74 3474 19
0.99 3475 19
0.93 3476 19
0.84 3477 19
1.01 3478 19
0.91 3479 19
0.86 3480 19
0.93 3481 19
-0.08 3482 19
-0.14 3483 19
0.09 3484 19
-0.01 3485 19
-0.06 3486 19
0.13 3487 19
-0.06 3488 19
0.27 3489 19
-0.00 3490 19
-0.04 3491 19
0.11 3492 19
-0.15 3493 19
0.18 3494 19
0.07 3495 19
0.00 3496 19
0.11 3497 19
0.04 3498 19
0.03 3499 19
0.42 3500 19
0.37 3501 19
0.04 3502 19
0.00 3503 19
0.15 3504 19
0.01 3505 19
-0.06 3506 19
-0.18 3507 19
-0.03 3508 19
0.17 3509 19
0.03 3510 19
0.05 3511 19
0.09 3512 19
-0.13 3513 19
0.07 3514 19
-0.17 3515 19
0.65 3516 20
1.06 3517 20
1.15 3518 20
0.72 3519 20
0.73 3520 20
0.91 3521 20
0.78 3522 20
0.89 3523 20
1.16 3524 20
0.77 3525 20
0.96 3526 20
0.93 3527 20
0.95 3528 20
0.90 3529 20
0.78 3530 20
0.84 3531 20
0.81 3532 20
0.96 3533 20
1.14 3534 20
0.87 3535 20
0.96 3536 20
0.76 3537 20
0.95 3538 20
1.06 3539 20
0.68 3540 20
0.71 3541 20
0.84 3542 20
0.73 3543 20
0.92 3544 20
0.93 3545 20
0.78 3546 20
0.82 3547 20
0.65 3548 20
0.76 3549 20
0.64 3550 20
0.57 3551 20
1.12 3552 20
0.79 3553 20
0.74 3554 20
1.01 3555 20
0.76 3556 20
0.71 3557 20
0.68 3558 20
0.82 3559 20
0.77 3560 20
0.61 3561 20
0.89 3562 20
0.90 3563 20
0.63 3564 20
0.47 3565 20
-0.06 3566 20
0.18 3567 20
0.29 3568 20
0.51 3569 20
0.09 3570 20
0.39 3571 20
0.03 3572 20
0.24 3573 20
0.30 3574 20
0.54 3575 20
0.47 3576 20
0.48 3577 20
0.41 3578 20
0.78 3579 20
0.47 3580 20
0.06 3581 20
0.07 3582 20
-0.02 3583 20
0.08 3584 20
0.38 3585 20
0.05 3586 20
0.26 3587 20
0.42 3588 20
0.28 3589 20
0.33 3590 20
0.41 3591 20
0.27 3592 20
0.15 3593 20
0.56 3594 20
0.50 3595 20
0.29 3596 20
0.34 3597 20
0.13 3598 20
0.45 3599 20
0.37 3600 20
0.74 3601 20
0.34 3602 20
0.42 3603 20
0.23 3604 20
0.36 3605 20
0.56 3606 20
0.40 3607 20
0.39 3608 20
0.59 3609 20
0.14 3610 20
0.00 3611 20
0.06 3612 20
-0.15 3613 20
0.11 3614 20
0.14 3615 20
0.13 3616 20
-0.03 3617 20
0.45 3618 20
0.17 3619 20
0.15 3620 20
0.75 3621 21
0.90 3622 21
0.70 3623 21
1.16 3624 21
0.68 3625 21
0.71 3626 21
0.77 3627 21
0.75 3628 21
0.90 3629 21
0.96 3630 21
0.85 3631 21
0.89 3632 21
0.81 3633 21
0.82 3634 21
1.02 3635 21
0.82 3636 21
0.91 3637 21
0.80 3638 21
0.40 3639 21
0.06 3640 21
0.04 3641 21
-0.06 3642 21
-0.01 3643 21
-0.03 3644 21
0.03 3645 21
0.03 3646 21
0.04 3647 21
-0.13 3648 21
-0.05 3649 21
-0.03 3650 21
0.02 3651 21
0.05 3652 21
-0.08 3653 21
0.03 3654 21
0.19 3655 21
-0.07 3656 21
0.10 3657 21
0.00 3658 21
0.04 3659 21
-0.09 3660 21
-0.15 3661 21
0.01 3662 21
0.87 3663 22
0.83 3664 22
0.60 3665 22
0.67 3666 22
0.64 3667 22
0.34 3668 22
0.45 3669 22
0.29 3670 22
0.70 3671 22
0.72 3672 22
0.57 3673 22
0.59 3674 22
0.52 3675 22
0.60 3676 22
0.55 3677 22
0.78 3678 22
0.56 3679 22
0.55 3680 22
0.57 3681 22
0.77 3682 22
0.81 3683 22
0.59 3684 22
0.52 3685 22
0.42 3686 22
0.21 3687 22
0.45 3688 22
0.70 3689 22
0.63 3690 22
0.79 3691 22
0.30 3692 22
0.07 3693 22
0.19 3694 22
-0.14 3695 22
-0.09 3696 22
0.10 3697 22
0.03 3698 22
0.03 3699 22
-0.06 3700 22
-0.01 3701 22
0.05 3702 22
-0.04 3703 22
-0.15 3704 22
0.09 3705 22
-0.12 3706 22
-0.16 3707 22
-0.00 3708 22
-0.04 3709 22
-0.13 3710 22
0.03 3711 22
-0.15 3712 22
0.05 3713 22
0.12 3714 22
-0.03 3715 22
0.05 3716 22
-0.06 3717 22
-0.05 3718 22
0.06 3719 22
0.02 3720 22
0.00 3721 22
-0.06 3722 22
-0.00 3723 22
-0.13 3724 22
0.10 3725 22
0.05 3726 22
-0.13 3727 22
-0.05 3728 22
0.01 3729 22
0.02 3730 22
-0.06 3731 22
-0.04 3732 22
-0.16 3733 22
-0.01 3734 22
0.05 3735 22
-0.00 3736 22
0.03 3737 22
0.09 3738 22
-0.02 3739 22
0.03 3740 22
-0.02 3741 22
0.07 3742 22
-0.04 3743 22
-0.01 3744 22
0.00 3745 22
0.10 3746 22
-0.16 3747 22
-0.16 3748 22
0.02 3749 22
-0.10 3750 22
-0.19 3751 22
0.04 3752 22
0.22 3753 22
0.91 3754 23
0.65 3755 23
0.64 3756 23
0.64 3757 23
0.70 3758 23
0.52 3759 23
0.92 3760 23
0.66 3761 23
0.52 3762 23
0.64 3763 23
0.32 3764 23
0.41 3765 23
0.42 3766 23
0.11 3767 23
0.36 3768 23
0.38 3769 23
0.58 3770 23
0.35 3771 23
0.80 3772 23
0.49 3773 23
0.63 3774 23
0.71 3775 23
0.56 3776 23
0.69 3777 23
0.48 3778 23
0.83 3779 23
0.77 3780 23
0.51 3781 23
0.65 3782 23
0.52 3783 23
0.68 3784 23
0.71 3785 23
0.76 3786 23
0.83 3787 23
0.45 3788 23
0.33 3789 23
0.52 3790 23
0.77 3791 23
0.41 3792 23
0.32 3793 23
0.55 3794 23
0.66 3795 23
0.48 3796 23
0.68 3797 23
0.80 3798 23
0.49 3799 23
0.47 3800 23
0.61 3801 23
0.58 3802 23
0.42 3803 23
0.66 3804 23
0.51 3805 23
0.66 3806 23
0.51 3807 23
0.69 3808 23
0.67 3809 23
0.59 3810 23
0.64 3811 23
0.92 3812 23
0.20 3813 23
0.07 3814 23
-0.19 3815 23
-0.02 3816 23
0.07 3817 23
-0.00 3818 23
0.06 3819 23
0.28 3820 23
0.68 3821 23
-0.13 3822 23
0.34 3823 23
0.26 3824 23
-0.07 3825 23
0.05 3826 23
0.25 3827 23
0.68 3828 23
0.33 3829 23
0.81 3830 23
-0.01 3831 23
0.57 3832 23
0.17 3833 23
0.56 3834 23
0.29 3835 23
0.42 3836 23
0.15 3837 23
0.51 3838 23
-0.17 3839 23
-0.08 3840 23
0.30 3841 23
-0.15 3842 23
0.09 3843 23
0.10 3844 23
0.38 3845 23
0.42 3846 23
0.22 3847 23
-0.08 3848 23
0.34 3849 23
1.03 3850 23
0.26 3851 23
0.69 3852 23
-0.05 3853 23
0.18 3854 23
0.27 3855 23
-0.05 3856 23
-0.08 3857 23
-0.13 3858 23
0.02 3859 23
-0.04 3860 23
0.29 3861 23
0.50 3862 23
-0.01 3863 23
0.36 3864 23
0.40 3865 23
0.21 3866 23
0.26 3867 23
0.28 3868 23
0.08 3869 23
0.75 3870 23
0.20 3871 23
-0.15 3872 23
-0.19 3873 23
0.72 3874 23
-0.06 3875 23
-0.04 3876 23
-0.05 3877 23
0.16 3878 23
-0.12 3879 23
0.39 3880 23
0.03 3881 23
0.70 3882 23
0.21 3883 23
0.31 3884 23
-0.20 3885 23
0.31 3886 23
0.16 3887 23
0.20 3888 23
0.31 3889 23
1.00 3890 23
0.77 3891 23
0.72 3892 23
0.76 3893 23
0.64 3894 23
0.92 3895 23
0.97 3896 23
0.75 3897 23
0.62 3898 23
0.64 3899 23
0.91 3900 23
0.75 3901 23
0.66 3902 23
0.85 3903 23
0.57 3904 23
0.97 3905 23
0.66 3906 23
0.88 3907 23
0.98 3908 23
0.66 3909 23
0.63 3910 23
0.78 3911 23
0.60 3912 23
0.76 3913 23
0.68 3914 23
0.51 3915 23
0.47 3916 23
0.64 3917 23
0.87 3918 23
0.74 3919 23
0.74 3920 23
1.03 3921 23
0.27 3922 23
0.64 3923 23
0.60 3924 23
0.45 3925 23
0.88 3926 23
0.68 3927 23
0.86 3928 23
0.63 3929 23
0.33 3930 23
0.55 3931 23
0.67 3932 23
0.61 3933 23
1.14 3934 23
0.39 3935 23
0.81 3936 23
0.68 3937 23
0.54 3938 23
0.68 3939 23
0.54 3940 23
0.50 3941 23
0.53 3942 23
0.79 3943 23
0.51 3944 23
0.68 3945 23
0.56 3946 23
0.56 3947 23
0.51 3948 23
0.90 3949 23
0.74 3950 23
0.75 3951 23
0.21 3952 23
0.12 3953 23
0.25 3954 23
-0.01 3955 23
0.09 3956 23
-0.15 3957 23
0.12 3958 23
0.00 3959 23
0.20 3960 23
0.21 3961 23
0.15 3962 23
0.26 3963 23
0.45 3964 23
-0.03 3965 23
-0.02 3966 23
