E T [s] idE transE idEmod I
0.12 0.05 0.51 33 2 1
0.38 0.10 0.51 59 2 1
0.37 0.15 0.51 58 2 1
0.36 0.20 0.51 57 2 1
0.40 0.25 0.51 61 2 1
0.58 0.30 0.51 79 2 1
0.45 0.35 0.51 66 2 1
0.37 0.40 0.51 58 2 1
0.68 0.45 0.51 89 2 1
0.68 0.50 0.51 89 2 1
0.28 0.55 0.51 49 2 1
0.52 0.60 0.51 73 2 1
0.55 0.65 0.51 76 2 1
0.34 0.70 0.51 55 2 1
0.44 0.75 0.51 65 2 1
0.75 0.80 0.51 96 2 1
0.60 0.85 0.51 81 2 1
0.59 0.90 0.51 80 2 1
0.59 0.95 0.51 80 2 1
0.48 1.00 0.51 69 2 1
0.87 1.05 0.51 108 2 1
0.52 1.10 0.51 73 2 1
0.52 1.15 0.51 73 2 1
0.56 1.20 0.51 77 2 1
0.69 1.25 0.51 90 2 1
0.40 1.30 0.51 61 2 1
0.68 1.35 0.51 89 2 1
0.51 1.40 0.51 72 2 1
0.44 1.45 0.51 65 2 1
0.50 1.50 0.51 71 2 1
0.59 1.55 0.51 80 2 1
1.06 1.60 0.51 127 2 1
0.47 1.65 0.51 68 2 1
0.77 1.70 0.51 98 2 1
0.74 1.75 0.51 95 2 1
0.52 1.80 0.51 73 2 1
0.45 1.85 0.51 66 2 1
0.35 1.90 0.51 56 2 1
0.60 1.95 0.51 81 2 1
0.49 2.00 0.51 70 2 1
0.84 2.05 0.51 105 2 1
1.09 2.10 0.51 130 2 1
0.20 2.15 0.51 41 2 1
0.54 2.20 0.51 75 2 1
0.37 2.25 0.51 58 2 1
0.46 2.30 0.51 67 2 1
0.23 2.35 0.51 44 2 1
0.49 2.40 0.51 70 2 1
0.60 2.45 0.51 81 2 1
0.64 2.50 0.51 85 2 1
0.78 2.55 0.51 99 2 1
0.90 2.60 0.51 111 2 1
0.58 2.65 0.51 79 2 1
0.72 2.70 0.51 93 2 1
0.76 2.75 0.51 97 2 1
0.72 2.80 0.51 93 2 1
0.56 2.85 0.51 77 2 1
0.34 2.90 0.51 55 2 1
0.18 2.95 0.51 39 2 1
0.56 3.00 0.51 77 2 1
0.58 3.05 0.51 79 2 1
0.59 3.10 0.51 80 2 1
0.56 3.15 0.51 77 2 1
0.66 3.20 0.76 87 3 1
0.75 3.25 0.76 96 3 1
0.78 3.30 0.76 99 3 1
0.74 3.35 0.76 95 3 1
0.49 3.40 0.76 70 3 1
0.86 3.45 0.76 107 3 1
0.85 3.50 0.76 106 3 1
0.94 3.55 0.76 115 3 1
0.74 3.60 0.76 95 3 1
0.82 3.65 0.76 103 3 1
0.66 3.70 0.76 87 3 1
0.61 3.75 0.76 82 3 1
0.60 3.80 0.76 81 3 1
0.82 3.85 0.76 103 3 1
0.65 3.90 0.76 86 3 1
0.49 3.95 0.51 70 2 1
0.55 4.00 0.51 76 2 1
0.45 4.05 0.51 66 2 1
0.41 4.10 0.51 62 2 1
0.32 4.15 0.51 53 2 1
0.49 4.20 0.51 70 2 1
0.70 4.25 0.51 91 2 1
0.54 4.30 0.51 75 2 1
0.41 4.35 0.51 62 2 1
0.40 4.40 0.51 61 2 1
0.84 4.45 0.51 105 2 1
0.44 4.50 0.51 65 2 1
0.56 4.55 0.51 77 2 1
0.44 4.60 0.51 65 2 1
0.83 4.65 0.51 104 2 1
0.45 4.70 0.51 66 2 1
0.34 4.75 0.51 55 2 1
0.21 4.80 0.51 42 2 1
0.64 4.85 0.76 85 3 1
0.99 4.90 0.76 120 3 1
0.84 4.95 0.76 105 3 1
0.80 5.00 0.76 101 3 1
0.49 5.05 0.76 70 3 1
1.06 5.10 0.76 127 3 1
0.66 5.15 0.76 87 3 1
0.92 5.20 0.76 113 3 1
0.49 5.25 0.76 70 3 1
0.43 5.30 0.76 64 3 1
0.56 5.35 0.76 77 3 1
0.53 5.40 0.76 74 3 1
0.51 5.45 0.76 72 3 1
1.08 5.50 0.76 129 3 1
0.51 5.55 0.76 72 3 1
0.71 5.60 0.76 92 3 1
0.89 5.65 0.76 110 3 1
0.42 5.70 0.76 63 3 1
0.83 5.75 0.76 104 3 1
0.83 5.80 0.76 104 3 1
0.80 5.85 0.76 101 3 1
0.71 5.90 0.76 92 3 1
0.38 5.95 0.51 59 2 1
0.56 6.00 0.51 77 2 1
0.35 6.05 0.51 56 2 1
0.71 6.10 0.51 92 2 1
0.53 6.15 0.51 74 2 1
0.75 6.20 0.51 96 2 1
0.85 6.25 0.51 106 2 1
0.57 6.30 0.51 78 2 1
0.87 6.35 0.51 108 2 1
0.31 6.40 0.51 52 2 1
0.54 6.45 0.51 75 2 1
0.70 6.50 0.51 91 2 1
0.88 6.55 0.51 109 2 1
0.81 6.60 0.51 102 2 1
0.77 6.65 0.51 98 2 1
0.56 6.70 0.51 77 2 1
0.68 6.75 0.51 89 2 1
0.38 6.80 0.51 59 2 1
0.62 6.85 0.51 83 2 1
0.19 6.90 0.51 40 2 1
0.90 6.95 0.51 111 2 1
0.46 7.00 0.51 67 2 1
0.38 7.05 0.51 59 2 1
0.39 7.10 0.51 60 2 1
0.49 7.15 0.51 70 2 1
0.42 7.20 0.51 63 2 1
0.75 7.25 0.76 96 3 1
0.74 7.30 0.76 95 3 1
1.04 7.35 0.76 125 3 1
0.99 7.40 0.76 120 3 1
1.05 7.45 0.76 126 3 1
0.72 7.50 0.76 93 3 1
0.41 7.55 0.76 62 3 1
0.84 7.60 0.76 105 3 1
0.89 7.65 0.76 110 3 1
0.56 7.70 0.76 77 3 1
0.85 7.75 0.76 106 3 1
0.60 7.80 0.76 81 3 1
0.66 7.85 0.76 87 3 1
0.49 7.90 0.51 70 2 1
0.44 7.95 0.51 65 2 1
0.53 8.00 0.51 74 2 1
0.71 8.05 0.51 92 2 1
0.41 8.10 0.51 62 2 1
0.40 8.15 0.51 61 2 1
0.52 8.20 0.51 73 2 1
0.48 8.25 0.51 69 2 1
0.48 8.30 0.51 69 2 1
0.81 8.35 0.51 102 2 1
0.47 8.40 0.51 68 2 1
0.75 8.45 0.51 96 2 1
0.69 8.50 0.51 90 2 1
0.33 8.55 0.51 54 2 1
0.64 8.60 0.51 85 2 1
0.51 8.65 0.51 72 2 1
0.57 8.70 0.51 78 2 1
0.08 8.75 0.51 29 2 1
0.33 8.80 0.51 54 2 1
0.83 8.85 0.76 104 3 1
0.55 8.90 0.76 76 3 1
0.76 8.95 0.76 97 3 1
0.69 9.00 0.76 90 3 1
0.62 9.05 0.76 83 3 1
0.75 9.10 0.76 96 3 1
0.85 9.15 0.76 106 3 1
0.70 9.20 0.76 91 3 1
0.90 9.25 0.76 111 3 1
0.55 9.30 0.76 76 3 1
0.64 9.35 0.76 85 3 1
0.72 9.40 0.76 93 3 1
0.60 9.45 0.76 81 3 1
0.78 9.50 0.76 99 3 1
0.66 9.55 0.76 87 3 1
0.72 9.60 0.76 93 3 1
0.95 9.65 0.76 116 3 1
0.71 9.70 0.76 92 3 1
0.49 9.75 0.51 70 2 1
0.54 9.80 0.51 75 2 1
0.18 9.85 0.51 39 2 1
0.76 9.90 0.51 97 2 1
0.74 9.95 0.51 95 2 1
0.33 10.00 0.51 54 2 1
0.73 10.05 0.76 94 3 1
0.56 10.10 0.76 77 3 1
0.64 10.15 0.76 85 3 1
0.71 10.20 0.76 92 3 1
0.53 10.25 0.76 74 3 1
0.56 10.30 0.76 77 3 1
1.03 10.35 0.76 124 3 1
0.72 10.40 0.76 93 3 1
0.60 10.45 0.76 81 3 1
0.49 10.50 0.76 70 3 1
0.76 10.55 0.76 97 3 1
0.63 10.60 0.76 84 3 1
1.07 10.65 0.76 128 3 1
0.69 10.70 0.76 90 3 1
0.24 10.75 0.76 45 3 1
0.72 10.80 0.76 93 3 1
0.68 10.85 0.76 89 3 1
0.55 10.90 0.76 76 3 1
0.45 10.95 0.76 66 3 1
0.51 11.00 0.76 72 3 1
0.93 11.05 0.76 114 3 1
0.92 11.10 0.76 113 3 1
0.70 11.15 0.76 91 3 1
0.51 11.20 0.76 72 3 1
0.87 11.25 0.76 108 3 1
0.81 11.30 0.76 102 3 1
0.24 11.35 0.51 45 2 1
0.59 11.40 0.51 80 2 1
0.46 11.45 0.51 67 2 1
0.59 11.50 0.51 80 2 1
0.64 11.55 0.51 85 2 1
0.61 11.60 0.51 82 2 1
0.78 11.65 0.51 99 2 1
0.86 11.70 0.51 107 2 1
0.48 11.75 0.51 69 2 1
0.82 11.80 0.51 103 2 1
1.01 11.85 0.51 122 2 1
0.54 11.90 0.51 75 2 1
0.25 11.95 0.51 46 2 1
0.81 12.00 0.51 102 2 1
0.56 12.05 0.51 77 2 1
0.78 12.10 0.51 99 2 1
0.39 12.15 0.51 60 2 1
0.71 12.20 0.51 92 2 1
0.54 12.25 0.51 75 2 1
0.86 12.30 0.51 107 2 1
0.28 12.35 0.51 49 2 1
0.59 12.40 0.51 80 2 1
0.58 12.45 0.51 79 2 1
0.80 12.50 0.51 101 2 1
0.86 12.55 0.51 107 2 1
0.71 12.60 0.51 92 2 1
0.74 12.65 0.51 95 2 1
0.75 12.70 0.51 96 2 1
0.63 12.75 0.51 84 2 1
0.50 12.80 0.51 71 2 1
0.48 12.85 0.51 69 2 1
0.68 12.90 0.51 89 2 1
0.48 12.95 0.51 69 2 1
0.24 13.00 0.51 45 2 1
1.02 13.05 0.51 123 2 1
0.58 13.10 0.51 79 2 1
0.66 13.15 0.51 87 2 1
0.75 13.20 0.51 96 2 1
0.81 13.25 0.51 102 2 1
0.53 13.30 0.51 74 2 1
0.56 13.35 0.51 77 2 1
0.65 13.40 0.51 86 2 1
0.33 13.45 0.51 54 2 1
0.41 13.50 0.51 62 2 1
0.49 13.55 0.51 70 2 1
0.57 13.60 0.51 78 2 1
0.68 13.65 0.76 89 3 1
0.62 13.70 0.76 83 3 1
0.97 13.75 0.76 118 3 1
0.77 13.80 0.76 98 3 1
0.96 13.85 0.76 117 3 1
0.63 13.90 0.76 84 3 1
0.89 13.95 0.76 110 3 1
0.63 14.00 0.76 84 3 1
0.65 14.05 0.76 86 3 1
0.75 14.10 0.76 96 3 1
0.76 14.15 0.76 97 3 1
0.28 14.20 0.51 49 2 1
0.45 14.25 0.51 66 2 1
0.43 14.30 0.51 64 2 1
0.21 14.35 0.51 42 2 1
0.30 14.40 0.51 51 2 1
0.70 14.45 0.51 91 2 1
0.64 14.50 0.51 85 2 1
0.51 14.55 0.51 72 2 1
1.14 14.60 0.51 135 2 1
0.54 14.65 0.51 75 2 1
1.06 14.70 0.51 127 2 1
0.73 14.75 0.51 94 2 1
0.71 14.80 0.51 92 2 1
0.48 14.85 0.51 69 2 1
0.77 14.90 0.51 98 2 1
0.40 14.95 0.51 61 2 1
0.04 15.00 0.51 25 2 1
0.45 15.05 0.51 66 2 1
0.61 15.10 0.51 82 2 1
0.88 15.15 0.51 109 2 1
1.06 15.20 0.51 127 2 1
0.38 15.25 0.51 59 2 1
0.64 15.30 0.51 85 2 1
0.46 15.35 0.51 67 2 1
0.88 15.40 0.51 109 2 1
0.53 15.45 0.51 74 2 1
0.55 15.50 0.51 76 2 1
0.63 15.55 0.51 84 2 1
0.78 15.60 0.51 99 2 1
0.52 15.65 0.51 73 2 1
0.45 15.70 0.51 66 2 1
0.63 15.75 0.51 84 2 1
0.49 15.80 0.51 70 2 1
0.39 15.85 0.51 60 2 1
0.76 15.90 0.51 97 2 1
0.51 15.95 0.51 72 2 1
0.36 16.00 0.51 57 2 1
0.81 16.05 0.76 102 3 1
0.67 16.10 0.76 88 3 1
0.89 16.15 0.76 110 3 1
0.69 16.20 0.76 90 3 1
1.04 16.25 0.76 125 3 1
1.10 16.30 0.76 131 3 1
0.92 16.35 0.76 113 3 1
0.53 16.40 0.76 74 3 1
1.01 16.45 0.76 122 3 1
0.68 16.50 0.76 89 3 1
1.20 16.55 0.76 141 3 1
0.86 16.60 0.76 107 3 1
0.70 16.65 0.76 91 3 1
0.59 16.70 0.76 80 3 1
0.97 16.75 0.76 118 3 1
0.25 16.80 0.51 46 2 1
0.13 16.85 0.51 34 2 1
0.44 16.90 0.51 65 2 1
0.42 16.95 0.51 63 2 1
0.63 17.00 0.51 84 2 1
0.48 17.05 0.51 69 2 1
0.69 17.10 0.51 90 2 1
0.00 17.15 0.51 21 2 1
0.72 17.20 0.51 93 2 1
0.34 17.25 0.51 55 2 1
0.63 17.30 0.51 84 2 1
0.36 17.35 0.51 57 2 1
1.10 17.40 0.76 131 3 1
0.87 17.45 0.76 108 3 1
0.77 17.50 0.76 98 3 1
0.71 17.55 0.76 92 3 1
0.19 17.60 0.51 40 2 1
0.23 17.65 0.51 44 2 1
0.77 17.70 0.51 98 2 1
0.56 17.75 0.51 77 2 1
1.20 17.80 0.51 141 2 1
0.65 17.85 0.51 86 2 1
0.45 17.90 0.51 66 2 1
0.63 17.95 0.51 84 2 1
0.67 18.00 0.51 88 2 1
0.57 18.05 0.51 78 2 1
0.42 18.10 0.51 63 2 1
0.37 18.15 0.51 58 2 1
0.59 18.20 0.51 80 2 1
0.70 18.25 0.51 91 2 1
0.69 18.30 0.51 90 2 1
0.71 18.35 0.51 92 2 1
0.29 18.40 0.51 50 2 1
0.56 18.45 0.51 77 2 1
0.62 18.50 0.51 83 2 1
0.54 18.55 0.51 75 2 1
0.87 18.60 0.51 108 2 1
0.67 18.65 0.51 88 2 1
0.38 18.70 0.51 59 2 1
0.40 18.75 0.51 61 2 1
0.82 18.80 0.51 103 2 1
0.54 18.85 0.51 75 2 1
0.88 18.90 0.51 109 2 1
0.21 18.95 0.51 42 2 1
0.42 19.00 0.51 63 2 1
0.74 19.05 0.76 95 3 1
0.92 19.10 0.76 113 3 1
0.75 19.15 0.76 96 3 1
0.74 19.20 0.76 95 3 1
0.92 19.25 0.76 113 3 1
1.12 19.30 0.76 133 3 1
0.22 19.35 0.51 43 2 1
0.71 19.40 0.51 92 2 1
0.56 19.45 0.51 77 2 1
0.42 19.50 0.51 63 2 1
0.55 19.55 0.51 76 2 1
0.77 19.60 0.76 98 3 1
1.08 19.65 0.76 129 3 1
0.62 19.70 0.76 83 3 1
0.63 19.75 0.76 84 3 1
0.27 19.80 0.76 48 3 1
0.69 19.85 0.76 90 3 1
0.92 19.90 0.76 113 3 1
0.48 19.95 0.76 69 3 1
0.82 20.00 0.76 103 3 1
0.84 20.05 0.76 105 3 1
0.53 20.10 0.76 74 3 1
0.81 20.15 0.76 102 3 1
1.02 20.20 0.76 123 3 1
0.63 20.25 0.76 84 3 1
0.66 20.30 0.76 87 3 1
0.59 20.35 0.76 80 3 1
0.34 20.40 0.76 55 3 1
0.57 20.45 0.76 78 3 1
0.80 20.50 0.76 101 3 1
1.17 20.55 0.76 138 3 1
1.00 20.60 0.76 121 3 1
0.70 20.65 0.76 91 3 1
0.66 20.70 0.76 87 3 1
0.51 20.75 0.51 72 2 1
0.73 20.80 0.51 94 2 1
0.48 20.85 0.51 69 2 1
0.47 20.90 0.51 68 2 1
0.46 20.95 0.51 67 2 1
0.50 21.00 0.51 71 2 1
0.52 21.05 0.51 73 2 1
0.71 21.10 0.51 92 2 1
0.48 21.15 0.51 69 2 1
0.62 21.20 0.76 83 3 1
0.89 21.25 0.76 110 3 1
1.05 21.30 0.76 126 3 1
0.78 21.35 0.76 99 3 1
0.79 21.40 0.76 100 3 1
0.84 21.45 0.76 105 3 1
0.51 21.50 0.76 72 3 1
0.64 21.55 0.76 85 3 1
0.40 21.60 0.76 61 3 1
0.67 21.65 0.76 88 3 1
0.82 21.70 0.76 103 3 1
0.76 21.75 0.76 97 3 1
0.38 21.80 0.51 59 2 1
0.73 21.85 0.51 94 2 1
-0.10 21.90 0.51 11 2 1
0.35 21.95 0.51 56 2 1
1.14 22.00 0.51 135 2 1
0.77 22.05 0.51 98 2 1
0.25 22.10 0.51 46 2 1
0.38 22.15 0.51 59 2 1
0.58 22.20 0.51 79 2 1
0.31 22.25 0.51 52 2 1
0.60 22.30 0.51 81 2 1
0.59 22.35 0.51 80 2 1
0.42 22.40 0.51 63 2 1
0.55 22.45 0.51 76 2 1
0.52 22.50 0.51 73 2 1
0.57 22.55 0.51 78 2 1
0.56 22.60 0.51 77 2 1
0.48 22.65 0.51 69 2 1
0.37 22.70 0.51 58 2 1
0.47 22.75 0.51 68 2 1
0.73 22.80 0.76 94 3 1
0.84 22.85 0.76 105 3 1
0.89 22.90 0.76 110 3 1
0.58 22.95 0.76 79 3 1
0.79 23.00 0.76 100 3 1
0.81 23.05 0.76 102 3 1
0.72 23.10 0.76 93 3 1
0.90 23.15 0.76 111 3 1
0.55 23.20 0.76 76 3 1
0.33 23.25 0.76 54 3 1
0.65 23.30 0.76 86 3 1
0.62 23.35 0.76 83 3 1
0.81 23.40 0.76 102 3 1
0.75 23.45 0.76 96 3 1
0.63 23.50 0.76 84 3 1
1.16 23.55 0.76 137 3 1
0.66 23.60 0.76 87 3 1
0.67 23.65 0.76 88 3 1
0.66 23.70 0.76 87 3 1
0.64 23.75 0.76 85 3 1
0.71 23.80 0.76 92 3 1
0.54 23.85 0.76 75 3 1
0.73 23.90 0.76 94 3 1
0.32 23.95 0.76 53 3 1
0.68 24.00 0.76 89 3 1
0.61 24.05 0.76 82 3 1
0.80 24.10 0.76 101 3 1
0.56 24.15 0.76 77 3 1
0.47 24.20 0.76 68 3 1
1.01 24.25 0.76 122 3 1
0.92 24.30 0.76 113 3 1
0.83 24.35 0.76 104 3 1
0.96 24.40 0.76 117 3 1
0.62 24.45 0.76 83 3 1
0.37 24.50 0.51 58 2 1
0.65 24.55 0.51 86 2 1
0.36 24.60 0.51 57 2 1
0.54 24.65 0.51 75 2 1
0.68 24.70 0.51 89 2 1
0.56 24.75 0.51 77 2 1
0.48 24.80 0.51 69 2 1
0.65 24.85 0.51 86 2 1
0.50 24.90 0.51 71 2 1
0.73 24.95 0.51 94 2 1
0.53 25.00 0.51 74 2 1
0.61 25.05 0.51 82 2 1
0.59 25.10 0.51 80 2 1
0.93 25.15 0.51 114 2 1
0.28 25.20 0.51 49 2 1
0.14 25.25 0.06 35 1 1
-0.14 25.30 0.06 7 1 1
0.05 25.35 0.06 26 1 1
0.13 25.40 0.06 34 1 1
0.27 25.45 0.06 48 1 1
0.25 25.50 0.06 46 1 1
-0.18 25.55 0.06 3 1 1
0.12 25.60 0.06 33 1 1
-0.02 25.65 0.06 19 1 1
0.02 25.70 0.06 23 1 1
0.01 25.75 0.06 22 1 1
0.07 25.80 0.06 28 1 1
0.51 25.85 0.51 72 2 1
0.49 25.90 0.51 70 2 1
0.20 25.95 0.06 41 1 1
0.19 26.00 0.06 40 1 1
0.30 26.05 0.06 51 1 1
-0.19 26.10 0.06 2 1 1
-0.14 26.15 0.06 7 1 1
0.19 26.20 0.06 40 1 1
-0.15 26.25 0.06 6 1 1
0.05 26.30 0.06 26 1 1
0.28 26.35 0.06 49 1 1
-0.06 26.40 0.06 15 1 1
0.10 26.45 0.06 31 1 1
-0.15 26.50 0.06 6 1 1
0.09 26.55 0.06 30 1 1
-0.04 26.60 0.06 17 1 1
0.09 26.65 0.06 30 1 1
0.08 26.70 0.06 29 1 1
-0.16 26.75 0.06 5 1 1
-0.18 26.80 0.06 3 1 1
0.17 26.85 0.06 38 1 1
0.10 26.90 0.06 31 1 1
0.00 26.95 0.06 21 1 1
0.06 27.00 0.06 27 1 1
0.11 27.05 0.06 32 1 1
0.12 27.10 0.06 33 1 1
0.17 27.15 0.06 38 1 1
0.42 27.20 0.06 63 1 1
-0.01 27.25 0.06 20 1 1
0.15 27.30 0.06 36 1 1
0.14 27.35 0.06 35 1 1
0.02 27.40 0.06 23 1 1
-0.11 27.45 0.06 10 1 1
0.02 27.50 0.06 23 1 1
0.02 27.55 0.06 23 1 1
0.22 27.60 0.06 43 1 1
-0.08 27.65 0.06 13 1 1
0.03 27.70 0.06 24 1 1
0.11 27.75 0.06 32 1 1
0.18 27.80 0.06 39 1 1
0.26 27.85 0.06 47 1 1
-0.06 27.90 0.06 15 1 1
0.56 27.95 0.06 77 1 1
0.09 28.00 0.06 30 1 1
-0.03 28.05 0.06 18 1 1
0.14 28.10 0.06 35 1 1
0.36 28.15 0.51 57 2 1
0.18 28.20 0.51 39 2 1
0.64 28.25 0.51 85 2 1
0.24 28.30 0.51 45 2 1
0.18 28.35 0.51 39 2 1
0.34 28.40 0.51 55 2 1
-0.02 28.45 0.51 19 2 1
0.54 28.50 0.51 75 2 2
0.83 28.55 0.76 104 3 2
0.64 28.60 0.76 85 3 2
0.63 28.65 0.76 84 3 2
0.80 28.70 0.76 101 3 2
0.58 28.75 0.76 79 3 2
0.83 28.80 0.76 104 3 2
0.86 28.85 0.76 107 3 2
0.64 28.90 0.76 85 3 2
0.61 28.95 0.76 82 3 2
0.75 29.00 0.76 96 3 2
0.65 29.05 0.76 86 3 2
0.68 29.10 0.76 89 3 2
0.87 29.15 0.76 108 3 2
0.70 29.20 0.76 91 3 2
0.95 29.25 0.76 116 3 2
0.62 29.30 0.76 83 3 2
0.70 29.35 0.76 91 3 2
0.68 29.40 0.76 89 3 2
0.71 29.45 0.76 92 3 2
0.55 29.50 0.76 76 3 2
0.62 29.55 0.76 83 3 2
0.59 29.60 0.76 80 3 2
0.72 29.65 0.76 93 3 2
0.57 29.70 0.76 78 3 2
0.71 29.75 0.76 92 3 2
0.73 29.80 0.76 94 3 2
0.56 29.85 0.76 77 3 2
1.00 29.90 0.76 121 3 2
0.87 29.95 0.76 108 3 2
0.64 30.00 0.76 85 3 2
0.85 30.05 0.76 106 3 2
0.79 30.10 0.76 100 3 2
0.69 30.15 0.76 90 3 2
0.94 30.20 0.76 115 3 2
0.86 30.25 0.76 107 3 2
0.83 30.30 0.76 104 3 2
0.90 30.35 0.76 111 3 2
0.79 30.40 0.76 100 3 2
0.75 30.45 0.76 96 3 2
0.70 30.50 0.76 91 3 2
0.77 30.55 0.76 98 3 2
0.71 30.60 0.76 92 3 2
0.66 30.65 0.76 87 3 2
0.77 30.70 0.76 98 3 2
0.79 30.75 0.76 100 3 2
0.65 30.80 0.76 86 3 2
0.71 30.85 0.76 92 3 2
0.90 30.90 0.76 111 3 2
0.80 30.95 0.76 101 3 2
0.69 31.00 0.76 90 3 2
0.68 31.05 0.76 89 3 2
0.79 31.10 0.76 100 3 2
0.83 31.15 0.76 104 3 2
0.67 31.20 0.76 88 3 2
0.90 31.25 0.76 111 3 2
0.54 31.30 0.76 75 3 2
0.62 31.35 0.76 83 3 2
0.75 31.40 0.76 96 3 2
0.63 31.45 0.76 84 3 2
0.71 31.50 0.76 92 3 2
0.57 31.55 0.76 78 3 2
0.56 31.60 0.76 77 3 2
0.74 31.65 0.76 95 3 2
0.71 31.70 0.76 92 3 2
0.82 31.75 0.76 103 3 2
0.66 31.80 0.76 87 3 2
0.66 31.85 0.76 87 3 2
0.72 31.90 0.76 93 3 2
0.76 31.95 0.76 97 3 2
0.69 32.00 0.76 90 3 2
0.61 32.05 0.76 82 3 2
0.91 32.10 0.76 112 3 2
0.66 32.15 0.76 87 3 2
0.55 32.20 0.76 76 3 2
0.55 32.25 0.76 76 3 2
0.80 32.30 0.76 101 3 2
0.58 32.35 0.76 79 3 2
0.80 32.40 0.76 101 3 2
0.71 32.45 0.76 92 3 2
0.62 32.50 0.76 83 3 2
0.84 32.55 0.76 105 3 2
0.48 32.60 0.51 69 2 2
0.44 32.65 0.51 65 2 2
0.79 32.70 0.51 100 2 2
0.63 32.75 0.51 84 2 2
0.69 32.80 0.51 90 2 2
0.62 32.85 0.51 83 2 2
0.58 32.90 0.51 79 2 2
0.56 32.95 0.51 77 2 2
0.50 33.00 0.51 71 2 2
0.55 33.05 0.51 76 2 2
0.79 33.10 0.51 100 2 2
0.23 33.15 0.06 44 1 2
0.25 33.20 0.06 46 1 2
0.15 33.25 0.06 36 1 2
0.02 33.30 0.06 23 1 2
0.26 33.35 0.06 47 1 2
0.08 33.40 0.06 29 1 2
-0.03 33.45 0.06 18 1 2
0.39 33.50 0.51 60 2 2
0.46 33.55 0.51 67 2 2
0.27 33.60 0.51 48 2 2
0.29 33.65 0.51 50 2 2
0.30 33.70 0.51 51 2 2
-0.01 33.75 0.06 20 1 2
0.19 33.80 0.06 40 1 2
0.10 33.85 0.06 31 1 2
0.15 33.90 0.06 36 1 2
0.11 33.95 0.06 32 1 2
-0.04 34.00 0.06 17 1 2
-0.20 34.05 0.06 1 1 2
-0.08 34.10 0.06 13 1 2
0.06 34.15 0.06 27 1 2
-0.05 34.20 0.06 16 1 2
0.21 34.25 0.06 42 1 2
0.35 34.30 0.06 56 1 2
0.17 34.35 0.06 38 1 2
0.08 34.40 0.06 29 1 2
0.54 34.45 0.06 75 1 2
0.22 34.50 0.06 43 1 2
-0.08 34.55 0.06 13 1 2
0.04 34.60 0.06 25 1 2
0.47 34.65 0.06 68 1 2
0.08 34.70 0.06 29 1 2
0.12 34.75 0.06 33 1 2
0.21 34.80 0.06 42 1 2
0.03 34.85 0.06 24 1 2
0.16 34.90 0.06 37 1 2
0.05 34.95 0.06 26 1 2
0.07 35.00 0.06 28 1 2
0.22 35.05 0.06 43 1 2
0.20 35.10 0.06 41 1 2
0.06 35.15 0.06 27 1 2
0.35 35.20 0.06 56 1 2
0.00 35.25 0.06 21 1 2
0.10 35.30 0.06 31 1 2
0.14 35.35 0.06 35 1 2
0.05 35.40 0.06 26 1 2
-0.12 35.45 0.06 9 1 2
-0.05 35.50 0.06 16 1 2
0.09 35.55 0.06 30 1 2
-0.14 35.60 0.06 7 1 2
-0.04 35.65 0.06 17 1 2
0.22 35.70 0.06 43 1 2
0.12 35.75 0.06 33 1 2
0.26 35.80 0.06 47 1 2
0.41 35.85 0.06 62 1 2
0.14 35.90 0.06 35 1 2
-0.15 35.95 0.06 6 1 2
0.10 36.00 0.06 31 1 2
0.04 36.05 0.06 25 1 2
0.15 36.10 0.06 36 1 2
0.07 36.15 0.06 28 1 2
0.27 36.20 0.06 48 1 2
0.25 36.25 0.06 46 1 2
0.07 36.30 0.06 28 1 2
0.11 36.35 0.06 32 1 2
0.12 36.40 0.06 33 1 2
0.24 36.45 0.06 45 1 2
0.45 36.50 0.06 66 1 2
0.25 36.55 0.06 46 1 2
0.06 36.60 0.06 27 1 2
0.09 36.65 0.06 30 1 2
-0.08 36.70 0.06 13 1 2
0.12 36.75 0.06 33 1 2
0.17 36.80 0.06 38 1 2
0.17 36.85 0.06 38 1 2
0.18 36.90 0.06 39 1 2
0.38 36.95 0.06 59 1 2
0.11 37.00 0.06 32 1 2
0.09 37.05 0.06 30 1 2
0.00 37.10 0.06 21 1 2
0.09 37.15 0.06 30 1 2
0.13 37.20 0.06 34 1 2
0.28 37.25 0.06 49 1 2
0.01 37.30 0.06 22 1 2
0.18 37.35 0.06 39 1 2
0.29 37.40 0.06 50 1 2
-0.08 37.45 0.06 13 1 2
0.08 37.50 0.06 29 1 2
0.24 37.55 0.06 45 1 2
0.02 37.60 0.06 23 1 2
0.28 37.65 0.06 49 1 2
0.21 37.70 0.06 42 1 2
0.07 37.75 0.06 28 1 2
0.03 37.80 0.06 24 1 2
0.02 37.85 0.06 23 1 2
0.02 37.90 0.06 23 1 2
0.17 37.95 0.06 38 1 2
0.06 38.00 0.06 27 1 2
-0.00 38.05 0.06 21 1 2
-0.20 38.10 0.06 1 1 2
-0.14 38.15 0.06 7 1 2
-0.08 38.20 0.06 13 1 2
-0.01 38.25 0.06 20 1 2
0.12 38.30 0.06 33 1 2
0.16 38.35 0.06 37 1 2
0.07 38.40 0.06 28 1 2
0.09 38.45 0.06 30 1 2
0.35 38.50 0.06 56 1 2
-0.04 38.55 0.06 17 1 2
0.11 38.60 0.06 32 1 2
0.37 38.65 0.51 58 2 2
0.83 38.70 0.51 104 2 2
0.25 38.75 0.06 46 1 2
0.22 38.80 0.06 43 1 2
0.28 38.85 0.06 49 1 2
0.07 38.90 0.06 28 1 2
0.11 38.95 0.06 32 1 2
-0.05 39.00 0.06 16 1 2
0.21 39.05 0.06 42 1 2
0.21 39.10 0.06 42 1 2
0.28 39.15 0.06 49 1 2
0.49 39.20 0.06 70 1 2
0.00 39.25 0.06 21 1 2
0.02 39.30 0.06 23 1 2
0.34 39.35 0.06 55 1 2
0.38 39.40 0.06 59 1 2
-0.19 39.45 0.06 2 1 2
0.31 39.50 0.51 52 2 2
0.63 39.55 0.51 84 2 2
0.73 39.60 0.51 94 2 2
0.44 39.65 0.51 65 2 2
0.50 39.70 0.51 71 2 2
0.19 39.75 0.06 40 1 2
-0.15 39.80 0.06 6 1 2
0.20 39.85 0.06 41 1 2
-0.01 39.90 0.06 20 1 2
0.11 39.95 0.06 32 1 2
0.05 40.00 0.06 26 1 2
0.17 40.05 0.06 38 1 2
0.06 40.10 0.06 27 1 2
0.08 40.15 0.06 29 1 2
0.62 40.20 0.76 83 3 3
0.67 40.25 0.76 88 3 3
0.96 40.30 0.76 117 3 3
1.00 40.35 0.76 121 3 3
0.97 40.40 0.76 118 3 3
0.81 40.45 0.76 102 3 3
0.96 40.50 0.76 117 3 3
0.74 40.55 0.76 95 3 3
1.03 40.60 0.76 124 3 3
0.83 40.65 0.76 104 3 3
0.83 40.70 0.76 104 3 3
0.80 40.75 0.76 101 3 3
0.75 40.80 0.76 96 3 3
0.88 40.85 0.76 109 3 3
0.93 40.90 0.76 114 3 3
0.84 40.95 0.76 105 3 3
0.98 41.00 0.76 119 3 3
0.76 41.05 0.76 97 3 3
0.75 41.10 0.76 96 3 3
0.84 41.15 0.76 105 3 3
0.87 41.20 0.76 108 3 3
1.06 41.25 0.76 127 3 3
0.98 41.30 0.76 119 3 3
0.71 41.35 0.76 92 3 3
0.74 41.40 0.76 95 3 3
0.78 41.45 0.76 99 3 3
-0.16 41.50 0.06 5 1 3
0.18 41.55 0.06 39 1 3
-0.16 41.60 0.06 5 1 3
-0.04 41.65 0.06 17 1 3
-0.06 41.70 0.06 15 1 3
-0.07 41.75 0.06 14 1 3
-0.15 41.80 0.06 6 1 3
-0.06 41.85 0.06 15 1 3
0.00 41.90 0.06 21 1 3
-0.00 41.95 0.06 21 1 3
0.91 42.00 0.76 112 3 4
0.65 42.05 0.76 86 3 4
0.69 42.10 0.76 90 3 4
1.08 42.15 0.76 129 3 4
0.74 42.20 0.76 95 3 4
0.84 42.25 0.76 105 3 4
0.60 42.30 0.76 81 3 4
0.52 42.35 0.76 73 3 4
0.73 42.40 0.76 94 3 4
0.41 42.45 0.76 62 3 4
0.75 42.50 0.76 96 3 4
0.83 42.55 0.76 104 3 4
0.90 42.60 0.76 111 3 4
0.65 42.65 0.76 86 3 4
0.42 42.70 0.51 63 2 4
0.30 42.75 0.51 51 2 4
0.21 42.80 0.51 42 2 4
0.92 42.85 0.51 113 2 4
0.23 42.90 0.51 44 2 4
0.92 42.95 0.76 113 3 4
0.70 43.00 0.76 91 3 4
1.08 43.05 0.76 129 3 4
0.96 43.10 0.76 117 3 4
0.83 43.15 0.76 104 3 4
0.54 43.20 0.76 75 3 4
0.62 43.25 0.76 83 3 4
0.69 43.30 0.76 90 3 4
0.70 43.35 0.76 91 3 4
0.90 43.40 0.76 111 3 4
0.85 43.45 0.76 106 3 4
0.84 43.50 0.76 105 3 4
0.61 43.55 0.76 82 3 4
0.83 43.60 0.76 104 3 4
0.57 43.65 0.76 78 3 4
0.92 43.70 0.76 113 3 4
0.56 43.75 0.76 77 3 4
0.76 43.80 0.76 97 3 4
0.40 43.85 0.76 61 3 4
0.93 43.90 0.76 114 3 4
0.66 43.95 0.76 87 3 4
0.67 44.00 0.76 88 3 4
0.76 44.05 0.76 97 3 4
0.60 44.10 0.76 81 3 4
0.76 44.15 0.76 97 3 4
0.63 44.20 0.76 84 3 4
0.83 44.25 0.76 104 3 4
0.44 44.30 0.76 65 3 4
0.67 44.35 0.76 88 3 4
0.89 44.40 0.76 110 3 4
0.70 44.45 0.76 91 3 4
0.76 44.50 0.76 97 3 4
1.03 44.55 0.76 124 3 4
0.88 44.60 0.76 109 3 4
1.14 44.65 0.76 135 3 4
0.82 44.70 0.76 103 3 4
1.02 44.75 0.76 123 3 4
0.80 44.80 0.76 101 3 4
1.18 44.85 0.76 139 3 4
0.56 44.90 0.76 77 3 4
0.62 44.95 0.76 83 3 4
1.09 45.00 0.76 130 3 4
0.70 45.05 0.76 91 3 4
0.67 45.10 0.76 88 3 4
0.61 45.15 0.76 82 3 4
0.80 45.20 0.76 101 3 4
0.56 45.25 0.76 77 3 4
0.85 45.30 0.76 106 3 4
0.57 45.35 0.76 78 3 4
0.60 45.40 0.76 81 3 4
0.80 45.45 0.76 101 3 4
0.91 45.50 0.76 112 3 4
0.97 45.55 0.76 118 3 4
0.69 45.60 0.76 90 3 4
0.69 45.65 0.76 90 3 4
0.95 45.70 0.76 116 3 4
0.68 45.75 0.76 89 3 4
0.74 45.80 0.76 95 3 4
0.93 45.85 0.76 114 3 4
0.83 45.90 0.76 104 3 4
0.62 45.95 0.76 83 3 4
0.63 46.00 0.76 84 3 4
0.72 46.05 0.76 93 3 4
0.62 46.10 0.76 83 3 4
0.58 46.15 0.76 79 3 4
0.54 46.20 0.76 75 3 4
0.95 46.25 0.76 116 3 4
0.52 46.30 0.76 73 3 4
0.52 46.35 0.76 73 3 4
0.68 46.40 0.76 89 3 4
0.73 46.45 0.76 94 3 4
0.68 46.50 0.76 89 3 4
0.61 46.55 0.76 82 3 4
0.76 46.60 0.76 97 3 4
0.54 46.65 0.76 75 3 4
0.73 46.70 0.76 94 3 4
0.64 46.75 0.76 85 3 4
0.52 46.80 0.76 73 3 4
0.63 46.85 0.76 84 3 4
0.73 46.90 0.76 94 3 4
0.76 46.95 0.76 97 3 4
0.67 47.00 0.76 88 3 4
0.75 47.05 0.76 96 3 4
0.59 47.10 0.76 80 3 4
0.40 47.15 0.76 61 3 4
0.89 47.20 0.76 110 3 4
0.80 47.25 0.76 101 3 4
0.96 47.30 0.76 117 3 4
0.74 47.35 0.76 95 3 4
0.82 47.40 0.76 103 3 4
0.82 47.45 0.76 103 3 4
0.76 47.50 0.76 97 3 4
0.92 47.55 0.76 113 3 4
0.75 47.60 0.76 96 3 4
0.63 47.65 0.76 84 3 4
0.87 47.70 0.76 108 3 4
0.45 47.75 0.51 66 2 4
-0.15 47.80 0.51 6 2 4
0.67 47.85 0.51 88 2 4
0.73 47.90 0.51 94 2 4
0.42 47.95 0.51 63 2 4
1.04 48.00 0.76 125 3 4
0.75 48.05 0.76 96 3 4
0.63 48.10 0.76 84 3 4
0.79 48.15 0.76 100 3 4
0.75 48.20 0.76 96 3 4
0.86 48.25 0.76 107 3 4
0.72 48.30 0.76 93 3 4
0.40 48.35 0.76 61 3 4
0.82 48.40 0.76 103 3 4
0.76 48.45 0.76 97 3 4
0.48 48.50 0.76 69 3 4
0.94 48.55 0.76 115 3 4
0.59 48.60 0.76 80 3 4
0.73 48.65 0.76 94 3 4
0.73 48.70 0.76 94 3 4
0.81 48.75 0.76 102 3 4
0.53 48.80 0.76 74 3 4
0.68 48.85 0.76 89 3 4
0.45 48.90 0.76 66 3 4
0.80 48.95 0.76 101 3 4
0.53 49.00 0.76 74 3 4
0.81 49.05 0.76 102 3 4
0.85 49.10 0.76 106 3 4
0.54 49.15 0.76 75 3 4
0.49 49.20 0.76 70 3 4
0.68 49.25 0.76 89 3 4
0.45 49.30 0.76 66 3 4
0.83 49.35 0.76 104 3 4
0.55 49.40 0.76 76 3 4
0.42 49.45 0.76 63 3 4
0.47 49.50 0.76 68 3 4
0.56 49.55 0.76 77 3 4
0.73 49.60 0.76 94 3 4
0.89 49.65 0.76 110 3 4
0.98 49.70 0.76 119 3 4
0.62 49.75 0.76 83 3 4
0.77 49.80 0.76 98 3 4
0.86 49.85 0.76 107 3 4
0.74 49.90 0.76 95 3 4
0.72 49.95 0.76 93 3 4
0.42 50.00 0.51 63 2 4
0.84 50.05 0.51 105 2 4
0.47 50.10 0.51 68 2 4
0.71 50.15 0.51 92 2 4
0.61 50.20 0.51 82 2 4
0.50 50.25 0.51 71 2 4
0.38 50.30 0.51 59 2 4
0.59 50.35 0.51 80 2 4
-0.07 50.40 0.51 14 2 4
0.18 50.45 0.51 39 2 4
0.63 50.50 0.51 84 2 4
0.78 50.55 0.51 99 2 4
0.74 50.60 0.51 95 2 4
0.50 50.65 0.51 71 2 4
0.37 50.70 0.51 58 2 4
0.35 50.75 0.51 56 2 4
0.54 50.80 0.51 75 2 4
0.31 50.85 0.51 52 2 4
0.65 50.90 0.51 86 2 4
0.59 50.95 0.51 80 2 4
0.72 51.00 0.51 93 2 4
1.01 51.05 0.51 122 2 4
0.63 51.10 0.51 84 2 4
0.13 51.15 0.51 34 2 4
0.72 51.20 0.51 93 2 4
0.59 51.25 0.51 80 2 4
0.57 51.30 0.51 78 2 4
0.58 51.35 0.51 79 2 4
0.60 51.40 0.51 81 2 4
0.68 51.45 0.51 89 2 4
0.53 51.50 0.51 74 2 4
0.43 51.55 0.51 64 2 4
0.60 51.60 0.51 81 2 4
0.99 51.65 0.76 120 3 4
0.65 51.70 0.76 86 3 4
0.75 51.75 0.76 96 3 4
0.86 51.80 0.76 107 3 4
0.79 51.85 0.76 100 3 4
0.56 51.90 0.76 77 3 4
0.83 51.95 0.76 104 3 4
0.01 52.00 0.06 22 1 4
-0.08 52.05 0.06 13 1 4
-0.01 52.10 0.06 20 1 4
-0.18 52.15 0.06 3 1 4
-0.18 52.20 0.06 3 1 4
-0.09 52.25 0.06 12 1 4
-0.07 52.30 0.06 14 1 4
-0.02 52.35 0.06 19 1 4
-0.03 52.40 0.06 18 1 4
-0.20 52.45 0.06 1 1 4
0.05 52.50 0.06 26 1 4
0.01 52.55 0.06 22 1 4
-0.06 52.60 0.06 15 1 4
0.05 52.65 0.06 26 1 4
0.86 52.70 0.51 107 2 5
0.31 52.75 0.51 52 2 5
1.00 52.80 0.51 121 2 5
0.48 52.85 0.51 69 2 5
0.31 52.90 0.51 52 2 5
0.06 52.95 0.51 27 2 5
0.19 53.00 0.51 40 2 5
0.12 53.05 0.51 33 2 5
0.63 53.10 0.51 84 2 5
0.12 53.15 0.51 33 2 5
0.10 53.20 0.51 31 2 5
0.60 53.25 0.51 81 2 5
0.25 53.30 0.51 46 2 5
0.36 53.35 0.51 57 2 5
-0.03 53.40 0.06 18 1 5
0.01 53.45 0.06 22 1 5
-0.07 53.50 0.06 14 1 5
0.00 53.55 0.06 21 1 5
-0.08 53.60 0.06 13 1 5
0.36 53.65 0.06 57 1 5
0.21 53.70 0.06 42 1 5
-0.08 53.75 0.06 13 1 5
0.17 53.80 0.06 38 1 5
-0.17 53.85 0.06 4 1 5
0.01 53.90 0.06 22 1 5
0.05 53.95 0.06 26 1 5
-0.20 54.00 0.06 1 1 5
-0.19 54.05 0.06 2 1 5
-0.04 54.10 0.06 17 1 5
-0.16 54.15 0.06 5 1 5
-0.11 54.20 0.06 10 1 5
-0.12 54.25 0.06 9 1 5
-0.14 54.30 0.06 7 1 5
0.01 54.35 0.06 22 1 5
-0.00 54.40 0.06 21 1 5
-0.19 54.45 0.06 2 1 5
0.10 54.50 0.06 31 1 5
-0.05 54.55 0.06 16 1 5
-0.20 54.60 0.06 1 1 5
-0.09 54.65 0.06 12 1 5
-0.04 54.70 0.06 17 1 5
0.15 54.75 0.06 36 1 5
-0.07 54.80 0.06 14 1 5
0.08 54.85 0.06 29 1 5
-0.08 54.90 0.06 13 1 5
0.08 54.95 0.06 29 1 5
-0.10 55.00 0.06 11 1 5
0.00 55.05 0.06 21 1 5
-0.08 55.10 0.06 13 1 5
0.09 55.15 0.06 30 1 5
0.08 55.20 0.06 29 1 5
0.12 55.25 0.06 33 1 5
0.04 55.30 0.06 25 1 5
-0.00 55.35 0.06 21 1 5
-0.01 55.40 0.06 20 1 5
-0.14 55.45 0.06 7 1 5
0.03 55.50 0.06 24 1 5
-0.18 55.55 0.06 3 1 5
-0.18 55.60 0.06 3 1 5
0.00 55.65 0.06 21 1 5
0.04 55.70 0.06 25 1 5
-0.00 55.75 0.06 21 1 5
-0.07 55.80 0.06 14 1 5
-0.14 55.85 0.06 7 1 5
0.03 55.90 0.06 24 1 5
-0.14 55.95 0.06 7 1 5
-0.15 56.00 0.06 6 1 5
-0.15 56.05 0.06 6 1 5
0.00 56.10 0.06 21 1 5
-0.07 56.15 0.06 14 1 5
0.05 56.20 0.06 26 1 5
0.04 56.25 0.06 25 1 5
-0.09 56.30 0.06 12 1 5
-0.15 56.35 0.06 6 1 5
-0.11 56.40 0.06 10 1 5
0.11 56.45 0.06 32 1 5
-0.05 56.50 0.06 16 1 5
-0.06 56.55 0.06 15 1 5
-0.02 56.60 0.06 19 1 5
0.06 56.65 0.06 27 1 5
-0.11 56.70 0.06 10 1 5
0.05 56.75 0.06 26 1 5
-0.02 56.80 0.06 19 1 5
-0.16 56.85 0.06 5 1 5
0.81 56.90 0.76 102 3 6
0.97 56.95 0.76 118 3 6
0.86 57.00 0.76 107 3 6
0.89 57.05 0.76 110 3 6
1.01 57.10 0.76 122 3 6
0.80 57.15 0.76 101 3 6
0.78 57.20 0.76 99 3 6
0.93 57.25 0.76 114 3 6
0.56 57.30 0.76 77 3 6
0.85 57.35 0.76 106 3 6
0.46 57.40 0.76 67 3 6
1.07 57.45 0.76 128 3 6
0.85 57.50 0.76 106 3 6
0.74 57.55 0.76 95 3 6
0.89 57.60 0.76 110 3 6
0.20 57.65 0.51 41 2 6
0.41 57.70 0.51 62 2 6
0.23 57.75 0.06 44 1 6
0.00 57.80 0.06 21 1 6
-0.09 57.85 0.06 12 1 6
-0.03 57.90 0.06 18 1 6
-0.01 57.95 0.06 20 1 6
0.19 58.00 0.06 40 1 6
-0.00 58.05 0.06 21 1 6
0.13 58.10 0.06 34 1 6
0.18 58.15 0.06 39 1 6
-0.10 58.20 0.06 11 1 6
0.13 58.25 0.06 34 1 6
0.01 58.30 0.06 22 1 6
0.00 58.35 0.06 21 1 6
-0.05 58.40 0.06 16 1 6
-0.04 58.45 0.06 17 1 6
-0.00 58.50 0.06 21 1 6
-0.10 58.55 0.06 11 1 6
-0.07 58.60 0.06 14 1 6
0.02 58.65 0.06 23 1 6
0.09 58.70 0.06 30 1 6
0.04 58.75 0.06 25 1 6
0.13 58.80 0.06 34 1 6
0.10 58.85 0.06 31 1 6
-0.02 58.90 0.06 19 1 6
0.17 58.95 0.06 38 1 7
0.18 59.00 0.06 39 1 7
-0.04 59.05 0.06 17 1 7
0.16 59.10 0.06 37 1 7
0.12 59.15 0.06 33 1 7
-0.00 59.20 0.06 21 1 7
0.02 59.25 0.06 23 1 7
0.25 59.30 0.06 46 1 7
0.17 59.35 0.06 38 1 7
0.06 59.40 0.06 27 1 7
-0.06 59.45 0.06 15 1 7
0.03 59.50 0.06 24 1 7
0.11 59.55 0.06 32 1 7
0.13 59.60 0.06 34 1 7
-0.03 59.65 0.06 18 1 7
0.02 59.70 0.06 23 1 7
0.11 59.75 0.06 32 1 7
-0.02 59.80 0.06 19 1 7
-0.11 59.85 0.06 10 1 7
-0.08 59.90 0.06 13 1 7
-0.00 59.95 0.06 21 1 7
0.02 60.00 0.06 23 1 7
0.10 60.05 0.06 31 1 7
-0.01 60.10 0.06 20 1 7
-0.08 60.15 0.06 13 1 7
0.33 60.20 0.06 54 1 7
0.03 60.25 0.06 24 1 7
0.64 60.30 0.51 85 2 7
-0.04 60.35 0.51 17 2 7
0.26 60.40 0.51 47 2 7
1.17 60.45 0.51 138 2 7
0.13 60.50 0.51 34 2 7
0.15 60.55 0.51 36 2 7
0.76 60.60 0.51 97 2 7
0.24 60.65 0.51 45 2 7
-0.09 60.70 0.51 12 2 7
0.47 60.75 0.51 68 2 7
0.75 60.80 0.51 96 2 7
0.31 60.85 0.51 52 2 7
0.40 60.90 0.51 61 2 7
0.64 60.95 0.76 85 3 8
0.70 61.00 0.76 91 3 8
0.60 61.05 0.76 81 3 8
0.69 61.10 0.76 90 3 8
0.66 61.15 0.76 87 3 8
0.70 61.20 0.76 91 3 8
0.68 61.25 0.76 89 3 8
0.61 61.30 0.76 82 3 8
0.76 61.35 0.76 97 3 8
0.64 61.40 0.76 85 3 8
0.50 61.45 0.76 71 3 8
0.71 61.50 0.76 92 3 8
0.60 61.55 0.76 81 3 8
0.64 61.60 0.76 85 3 8
0.83 61.65 0.76 104 3 8
0.75 61.70 0.76 96 3 8
0.77 61.75 0.76 98 3 8
0.57 61.80 0.76 78 3 8
0.58 61.85 0.76 79 3 8
0.70 61.90 0.76 91 3 8
0.81 61.95 0.76 102 3 8
0.70 62.00 0.76 91 3 8
0.74 62.05 0.76 95 3 8
0.58 62.10 0.76 79 3 8
0.49 62.15 0.76 70 3 8
0.35 62.20 0.76 56 3 8
0.46 62.25 0.76 67 3 8
0.80 62.30 0.76 101 3 8
0.82 62.35 0.76 103 3 8
0.76 62.40 0.76 97 3 8
0.69 62.45 0.76 90 3 8
0.72 62.50 0.76 93 3 8
0.91 62.55 0.76 112 3 8
0.73 62.60 0.76 94 3 8
0.63 62.65 0.76 84 3 8
0.71 62.70 0.76 92 3 8
0.71 62.75 0.76 92 3 8
0.62 62.80 0.76 83 3 8
0.73 62.85 0.76 94 3 8
0.79 62.90 0.76 100 3 8
0.68 62.95 0.76 89 3 8
0.65 63.00 0.76 86 3 8
0.58 63.05 0.76 79 3 8
0.86 63.10 0.76 107 3 8
0.70 63.15 0.76 91 3 8
0.64 63.20 0.76 85 3 8
0.75 63.25 0.76 96 3 8
0.61 63.30 0.76 82 3 8
0.67 63.35 0.76 88 3 8
0.88 63.40 0.76 109 3 8
0.91 63.45 0.76 112 3 8
0.58 63.50 0.76 79 3 8
0.72 63.55 0.76 93 3 8
0.63 63.60 0.76 84 3 8
0.65 63.65 0.76 86 3 8
0.63 63.70 0.76 84 3 8
0.83 63.75 0.76 104 3 8
0.87 63.80 0.76 108 3 8
1.04 63.85 0.76 125 3 8
0.84 63.90 0.76 105 3 8
0.84 63.95 0.76 105 3 8
0.83 64.00 0.76 104 3 8
0.87 64.05 0.76 108 3 8
0.89 64.10 0.76 110 3 8
0.93 64.15 0.76 114 3 8
0.61 64.20 0.76 82 3 8
0.73 64.25 0.76 94 3 8
0.87 64.30 0.76 108 3 8
0.93 64.35 0.76 114 3 8
0.78 64.40 0.76 99 3 8
0.73 64.45 0.76 94 3 8
1.04 64.50 0.76 125 3 8
0.59 64.55 0.76 80 3 8
0.59 64.60 0.76 80 3 8
0.65 64.65 0.76 86 3 8
0.94 64.70 0.76 115 3 8
0.64 64.75 0.76 85 3 8
0.86 64.80 0.76 107 3 8
0.86 64.85 0.76 107 3 8
0.97 64.90 0.76 118 3 8
1.03 64.95 0.76 124 3 8
0.92 65.00 0.76 113 3 8
0.86 65.05 0.76 107 3 8
0.68 65.10 0.76 89 3 8
0.73 65.15 0.76 94 3 8
0.85 65.20 0.76 106 3 8
1.00 65.25 0.76 121 3 8
0.70 65.30 0.76 91 3 8
0.80 65.35 0.76 101 3 8
0.98 65.40 0.76 119 3 8
1.16 65.45 0.76 137 3 8
0.88 65.50 0.76 109 3 8
0.88 65.55 0.76 109 3 8
0.86 65.60 0.76 107 3 8
0.80 65.65 0.76 101 3 8
0.57 65.70 0.76 78 3 8
0.74 65.75 0.76 95 3 8
0.75 65.80 0.76 96 3 8
0.71 65.85 0.76 92 3 8
1.00 65.90 0.76 121 3 8
0.67 65.95 0.76 88 3 8
0.76 66.00 0.76 97 3 8
0.82 66.05 0.76 103 3 8
0.72 66.10 0.76 93 3 8
0.75 66.15 0.76 96 3 8
0.51 66.20 0.76 72 3 8
0.85 66.25 0.76 106 3 8
0.84 66.30 0.76 105 3 8
0.63 66.35 0.76 84 3 8
0.82 66.40 0.76 103 3 8
0.53 66.45 0.76 74 3 8
0.78 66.50 0.76 99 3 8
0.54 66.55 0.76 75 3 8
0.72 66.60 0.76 93 3 8
0.56 66.65 0.76 77 3 8
0.65 66.70 0.76 86 3 8
0.91 66.75 0.76 112 3 8
0.84 66.80 0.76 105 3 8
0.91 66.85 0.76 112 3 8
0.82 66.90 0.76 103 3 8
0.78 66.95 0.76 99 3 8
0.92 67.00 0.76 113 3 8
0.74 67.05 0.76 95 3 8
0.78 67.10 0.76 99 3 8
0.87 67.15 0.76 108 3 8
0.87 67.20 0.76 108 3 8
1.00 67.25 0.76 121 3 8
0.71 67.30 0.76 92 3 8
0.91 67.35 0.76 112 3 8
0.64 67.40 0.76 85 3 8
0.79 67.45 0.76 100 3 8
0.84 67.50 0.76 105 3 8
0.65 67.55 0.76 86 3 8
0.73 67.60 0.76 94 3 8
0.92 67.65 0.76 113 3 8
0.96 67.70 0.76 117 3 8
0.95 67.75 0.76 116 3 8
0.78 67.80 0.76 99 3 8
0.85 67.85 0.76 106 3 8
0.70 67.90 0.76 91 3 8
0.78 67.95 0.76 99 3 8
0.61 68.00 0.76 82 3 8
0.65 68.05 0.76 86 3 8
0.97 68.10 0.76 118 3 8
0.73 68.15 0.76 94 3 8
0.64 68.20 0.76 85 3 8
0.74 68.25 0.76 95 3 8
0.73 68.30 0.76 94 3 8
0.62 68.35 0.76 83 3 8
0.60 68.40 0.76 81 3 8
0.73 68.45 0.76 94 3 8
0.97 68.50 0.76 118 3 8
0.82 68.55 0.76 103 3 8
0.74 68.60 0.76 95 3 8
0.78 68.65 0.76 99 3 8
0.60 68.70 0.76 81 3 8
0.76 68.75 0.76 97 3 8
0.82 68.80 0.76 103 3 8
0.76 68.85 0.76 97 3 8
0.66 68.90 0.76 87 3 8
0.69 68.95 0.76 90 3 8
0.98 69.00 0.76 119 3 8
1.16 69.05 0.76 137 3 8
0.55 69.10 0.76 76 3 8
0.37 69.15 0.76 58 3 8
0.61 69.20 0.76 82 3 8
0.96 69.25 0.76 117 3 8
0.81 69.30 0.76 102 3 8
0.85 69.35 0.76 106 3 8
0.90 69.40 0.76 111 3 8
0.66 69.45 0.76 87 3 8
0.77 69.50 0.76 98 3 8
0.87 69.55 0.76 108 3 8
0.78 69.60 0.76 99 3 8
0.88 69.65 0.76 109 3 8
0.74 69.70 0.76 95 3 8
0.71 69.75 0.76 92 3 8
0.80 69.80 0.76 101 3 8
0.75 69.85 0.76 96 3 8
0.79 69.90 0.76 100 3 8
0.73 69.95 0.76 94 3 8
0.69 70.00 0.76 90 3 8
0.67 70.05 0.76 88 3 8
0.71 70.10 0.76 92 3 8
0.90 70.15 0.76 111 3 8
0.89 70.20 0.76 110 3 8
0.87 70.25 0.76 108 3 8
0.94 70.30 0.76 115 3 8
0.83 70.35 0.76 104 3 8
0.68 70.40 0.76 89 3 8
0.77 70.45 0.76 98 3 8
0.73 70.50 0.76 94 3 8
0.84 70.55 0.76 105 3 8
0.80 70.60 0.76 101 3 8
0.83 70.65 0.76 104 3 8
0.52 70.70 0.76 73 3 8
0.91 70.75 0.76 112 3 8
0.87 70.80 0.76 108 3 8
0.72 70.85 0.76 93 3 8
0.75 70.90 0.76 96 3 8
0.82 70.95 0.76 103 3 8
0.69 71.00 0.76 90 3 8
0.59 71.05 0.76 80 3 8
0.68 71.10 0.76 89 3 8
0.81 71.15 0.76 102 3 8
0.94 71.20 0.76 115 3 8
0.66 71.25 0.76 87 3 8
0.93 71.30 0.76 114 3 8
0.75 71.35 0.76 96 3 8
0.58 71.40 0.76 79 3 8
0.63 71.45 0.76 84 3 8
0.83 71.50 0.76 104 3 8
0.80 71.55 0.76 101 3 8
0.84 71.60 0.76 105 3 8
0.49 71.65 0.76 70 3 8
0.83 71.70 0.76 104 3 8
0.66 71.75 0.76 87 3 8
0.80 71.80 0.76 101 3 8
0.82 71.85 0.76 103 3 8
0.61 71.90 0.76 82 3 8
0.66 71.95 0.76 87 3 8
0.66 72.00 0.76 87 3 8
0.69 72.05 0.76 90 3 8
0.65 72.10 0.76 86 3 8
0.62 72.15 0.76 83 3 8
0.74 72.20 0.76 95 3 8
0.77 72.25 0.76 98 3 8
0.91 72.30 0.76 112 3 8
0.87 72.35 0.76 108 3 8
0.86 72.40 0.76 107 3 8
0.98 72.45 0.76 119 3 8
0.70 72.50 0.76 91 3 8
0.85 72.55 0.76 106 3 8
0.64 72.60 0.76 85 3 8
0.68 72.65 0.76 89 3 8
0.90 72.70 0.76 111 3 8
0.92 72.75 0.76 113 3 8
0.97 72.80 0.76 118 3 8
0.61 72.85 0.76 82 3 8
1.03 72.90 0.76 124 3 8
0.97 72.95 0.76 118 3 8
0.77 73.00 0.76 98 3 8
0.94 73.05 0.76 115 3 8
0.87 73.10 0.76 108 3 8
0.98 73.15 0.76 119 3 8
0.85 73.20 0.76 106 3 8
0.61 73.25 0.76 82 3 8
0.81 73.30 0.76 102 3 8
0.90 73.35 0.76 111 3 8
0.73 73.40 0.76 94 3 8
0.61 73.45 0.76 82 3 8
0.40 73.50 0.76 61 3 8
0.68 73.55 0.76 89 3 8
0.91 73.60 0.76 112 3 8
0.75 73.65 0.76 96 3 8
0.79 73.70 0.76 100 3 8
0.65 73.75 0.76 86 3 8
0.74 73.80 0.76 95 3 8
0.88 73.85 0.76 109 3 8
0.86 73.90 0.76 107 3 8
0.90 73.95 0.76 111 3 8
0.90 74.00 0.76 111 3 8
0.90 74.05 0.76 111 3 8
0.72 74.10 0.76 93 3 8
0.89 74.15 0.76 110 3 8
0.83 74.20 0.76 104 3 8
0.69 74.25 0.76 90 3 8
0.75 74.30 0.76 96 3 8
0.56 74.35 0.76 77 3 8
0.63 74.40 0.76 84 3 8
0.50 74.45 0.76 71 3 8
0.84 74.50 0.76 105 3 8
0.75 74.55 0.76 96 3 8
0.75 74.60 0.76 96 3 8
0.65 74.65 0.76 86 3 8
0.55 74.70 0.76 76 3 8
0.79 74.75 0.76 100 3 8
0.81 74.80 0.76 102 3 8
0.79 74.85 0.76 100 3 8
0.91 74.90 0.76 112 3 8
0.68 74.95 0.76 89 3 8
0.80 75.00 0.76 101 3 8
0.70 75.05 0.76 91 3 8
0.63 75.10 0.76 84 3 8
0.71 75.15 0.76 92 3 8
0.81 75.20 0.76 102 3 8
0.56 75.25 0.76 77 3 8
0.74 75.30 0.76 95 3 8
0.70 75.35 0.76 91 3 8
0.71 75.40 0.76 92 3 8
0.78 75.45 0.76 99 3 8
0.85 75.50 0.76 106 3 8
0.71 75.55 0.76 92 3 8
0.87 75.60 0.76 108 3 8
0.88 75.65 0.76 109 3 8
0.76 75.70 0.76 97 3 8
0.77 75.75 0.76 98 3 8
0.69 75.80 0.76 90 3 8
0.59 75.85 0.76 80 3 8
0.72 75.90 0.76 93 3 8
0.87 75.95 0.76 108 3 8
0.79 76.00 0.76 100 3 8
0.85 76.05 0.76 106 3 8
0.76 76.10 0.76 97 3 8
0.74 76.15 0.76 95 3 8
0.73 76.20 0.76 94 3 8
0.69 76.25 0.76 90 3 8
1.00 76.30 0.76 121 3 8
0.74 76.35 0.76 95 3 8
0.72 76.40 0.76 93 3 8
0.65 76.45 0.76 86 3 8
0.72 76.50 0.76 93 3 8
0.94 76.55 0.76 115 3 8
0.75 76.60 0.76 96 3 8
0.58 76.65 0.76 79 3 8
0.68 76.70 0.76 89 3 8
0.48 76.75 0.76 69 3 8
0.89 76.80 0.76 110 3 8
0.70 76.85 0.76 91 3 8
0.67 76.90 0.76 88 3 8
0.57 76.95 0.76 78 3 8
0.62 77.00 0.76 83 3 8
0.55 77.05 0.76 76 3 8
0.65 77.10 0.76 86 3 8
0.82 77.15 0.76 103 3 8
0.77 77.20 0.76 98 3 8
0.70 77.25 0.76 91 3 8
0.62 77.30 0.76 83 3 8
1.13 77.35 0.76 134 3 8
0.76 77.40 0.76 97 3 8
0.87 77.45 0.76 108 3 8
0.78 77.50 0.76 99 3 8
0.75 77.55 0.76 96 3 8
0.43 77.60 0.76 64 3 8
0.77 77.65 0.76 98 3 8
0.85 77.70 0.76 106 3 8
0.69 77.75 0.76 90 3 8
0.82 77.80 0.76 103 3 8
0.61 77.85 0.76 82 3 8
0.53 77.90 0.76 74 3 8
0.67 77.95 0.76 88 3 8
0.59 78.00 0.76 80 3 8
0.62 78.05 0.76 83 3 8
0.80 78.10 0.76 101 3 8
0.83 78.15 0.76 104 3 8
0.53 78.20 0.76 74 3 8
0.54 78.25 0.76 75 3 8
0.63 78.30 0.76 84 3 8
0.75 78.35 0.76 96 3 8
0.67 78.40 0.76 88 3 8
0.80 78.45 0.76 101 3 8
0.55 78.50 0.76 76 3 8
0.78 78.55 0.76 99 3 8
0.56 78.60 0.76 77 3 8
1.00 78.65 0.76 121 3 8
0.89 78.70 0.76 110 3 8
0.67 78.75 0.76 88 3 8
0.69 78.80 0.76 90 3 8
0.80 78.85 0.76 101 3 8
0.51 78.90 0.76 72 3 8
0.70 78.95 0.76 91 3 8
0.59 79.00 0.76 80 3 8
0.73 79.05 0.76 94 3 8
0.76 79.10 0.76 97 3 8
0.71 79.15 0.76 92 3 8
0.59 79.20 0.76 80 3 8
0.84 79.25 0.76 105 3 8
0.53 79.30 0.76 74 3 8
0.84 79.35 0.76 105 3 8
0.86 79.40 0.76 107 3 8
0.69 79.45 0.76 90 3 8
0.67 79.50 0.76 88 3 8
0.67 79.55 0.76 88 3 8
0.81 79.60 0.76 102 3 8
0.76 79.65 0.76 97 3 8
0.92 79.70 0.76 113 3 8
0.98 79.75 0.76 119 3 9
0.67 79.80 0.76 88 3 9
0.64 79.85 0.76 85 3 9
0.78 79.90 0.76 99 3 9
0.48 79.95 0.51 69 2 9
0.65 80.00 0.51 86 2 9
0.56 80.05 0.51 77 2 9
0.44 80.10 0.51 65 2 9
0.87 80.15 0.51 108 2 9
0.45 80.20 0.51 66 2 9
0.62 80.25 0.51 83 2 9
0.61 80.30 0.51 82 2 9
0.67 80.35 0.51 88 2 9
0.55 80.40 0.51 76 2 9
1.02 80.45 0.51 123 2 9
0.25 80.50 0.51 46 2 9
0.87 80.55 0.51 108 2 9
0.44 80.60 0.51 65 2 9
0.33 80.65 0.51 54 2 9
1.07 80.70 0.51 128 2 9
0.85 80.75 0.51 106 2 9
0.55 80.80 0.51 76 2 9
0.25 80.85 0.51 46 2 9
0.48 80.90 0.51 69 2 9
0.75 80.95 0.76 96 3 9
0.60 81.00 0.76 81 3 9
0.71 81.05 0.76 92 3 9
0.79 81.10 0.76 100 3 9
0.92 81.15 0.76 113 3 9
0.90 81.20 0.76 111 3 9
0.77 81.25 0.76 98 3 9
0.73 81.30 0.76 94 3 9
0.68 81.35 0.76 89 3 9
0.63 81.40 0.76 84 3 9
0.65 81.45 0.76 86 3 9
0.59 81.50 0.76 80 3 9
0.67 81.55 0.76 88 3 9
0.57 81.60 0.76 78 3 9
0.83 81.65 0.76 104 3 9
0.59 81.70 0.76 80 3 9
0.78 81.75 0.76 99 3 9
0.75 81.80 0.76 96 3 9
0.75 81.85 0.76 96 3 9
0.91 81.90 0.76 112 3 9
0.62 81.95 0.76 83 3 9
0.70 82.00 0.76 91 3 9
0.71 82.05 0.76 92 3 9
0.78 82.10 0.76 99 3 9
0.91 82.15 0.76 112 3 9
0.91 82.20 0.76 112 3 9
0.43 82.25 0.76 64 3 9
0.83 82.30 0.76 104 3 9
1.02 82.35 0.76 123 3 9
0.90 82.40 0.76 111 3 9
0.90 82.45 0.76 111 3 9
0.81 82.50 0.76 102 3 9
0.72 82.55 0.76 93 3 9
0.87 82.60 0.76 108 3 9
0.68 82.65 0.76 89 3 9
1.09 82.70 0.76 130 3 9
0.72 82.75 0.76 93 3 9
0.77 82.80 0.76 98 3 9
0.50 82.85 0.76 71 3 9
0.60 82.90 0.76 81 3 9
0.36 82.95 0.76 57 3 9
0.73 83.00 0.76 94 3 9
0.81 83.05 0.76 102 3 9
0.90 83.10 0.76 111 3 9
1.06 83.15 0.76 127 3 9
0.65 83.20 0.76 86 3 9
0.63 83.25 0.76 84 3 9
0.82 83.30 0.76 103 3 9
0.88 83.35 0.76 109 3 9
0.77 83.40 0.76 98 3 9
0.81 83.45 0.76 102 3 9
0.83 83.50 0.76 104 3 9
0.94 83.55 0.76 115 3 9
0.71 83.60 0.76 92 3 9
0.65 83.65 0.76 86 3 9
0.63 83.70 0.76 84 3 9
1.12 83.75 0.76 133 3 9
0.74 83.80 0.76 95 3 9
1.16 83.85 0.76 137 3 9
0.82 83.90 0.76 103 3 9
0.62 83.95 0.76 83 3 9
0.75 84.00 0.76 96 3 9
1.07 84.05 0.76 128 3 9
0.93 84.10 0.76 114 3 9
0.82 84.15 0.76 103 3 9
0.96 84.20 0.76 117 3 9
0.44 84.25 0.76 65 3 9
0.75 84.30 0.76 96 3 9
0.75 84.35 0.76 96 3 9
1.03 84.40 0.76 124 3 9
0.74 84.45 0.76 95 3 9
0.66 84.50 0.76 87 3 9
0.84 84.55 0.76 105 3 9
0.73 84.60 0.76 94 3 9
0.85 84.65 0.76 106 3 9
0.90 84.70 0.76 111 3 9
0.72 84.75 0.76 93 3 9
0.72 84.80 0.76 93 3 9
0.88 84.85 0.76 109 3 9
0.78 84.90 0.76 99 3 9
1.00 84.95 0.76 121 3 9
0.81 85.00 0.76 102 3 9
1.06 85.05 0.76 127 3 9
0.73 85.10 0.76 94 3 9
0.81 85.15 0.76 102 3 9
0.77 85.20 0.76 98 3 9
0.76 85.25 0.76 97 3 9
0.68 85.30 0.76 89 3 9
0.84 85.35 0.76 105 3 9
0.71 85.40 0.76 92 3 9
0.65 85.45 0.76 86 3 9
0.95 85.50 0.76 116 3 9
0.84 85.55 0.76 105 3 9
0.84 85.60 0.76 105 3 9
0.97 85.65 0.76 118 3 9
0.85 85.70 0.76 106 3 9
0.62 85.75 0.76 83 3 9
0.83 85.80 0.76 104 3 9
0.70 85.85 0.76 91 3 9
0.81 85.90 0.76 102 3 9
0.84 85.95 0.76 105 3 9
0.75 86.00 0.76 96 3 9
0.97 86.05 0.76 118 3 9
0.74 86.10 0.76 95 3 9
0.69 86.15 0.76 90 3 9
0.99 86.20 0.76 120 3 9
0.59 86.25 0.76 80 3 9
1.03 86.30 0.76 124 3 9
0.86 86.35 0.76 107 3 9
0.96 86.40 0.76 117 3 9
0.75 86.45 0.76 96 3 9
0.85 86.50 0.76 106 3 9
1.11 86.55 0.76 132 3 9
0.88 86.60 0.76 109 3 9
0.72 86.65 0.76 93 3 9
0.79 86.70 0.76 100 3 9
0.89 86.75 0.76 110 3 9
0.98 86.80 0.76 119 3 9
0.59 86.85 0.76 80 3 9
0.85 86.90 0.76 106 3 9
0.58 86.95 0.76 79 3 9
0.63 87.00 0.76 84 3 9
0.89 87.05 0.76 110 3 9
0.62 87.10 0.76 83 3 9
0.59 87.15 0.76 80 3 9
0.82 87.20 0.76 103 3 9
0.81 87.25 0.76 102 3 9
0.79 87.30 0.76 100 3 9
0.74 87.35 0.76 95 3 9
0.74 87.40 0.76 95 3 9
0.94 87.45 0.76 115 3 9
0.84 87.50 0.76 105 3 9
0.78 87.55 0.76 99 3 9
0.69 87.60 0.76 90 3 9
0.96 87.65 0.76 117 3 9
0.86 87.70 0.76 107 3 9
0.74 87.75 0.76 95 3 9
0.79 87.80 0.76 100 3 9
0.72 87.85 0.76 93 3 9
0.67 87.90 0.76 88 3 9
0.75 87.95 0.76 96 3 9
0.98 88.00 0.76 119 3 9
0.73 88.05 0.76 94 3 9
0.74 88.10 0.76 95 3 9
0.89 88.15 0.76 110 3 9
0.83 88.20 0.76 104 3 9
0.87 88.25 0.76 108 3 9
1.00 88.30 0.76 121 3 9
0.88 88.35 0.76 109 3 9
0.88 88.40 0.76 109 3 9
1.05 88.45 0.76 126 3 9
0.77 88.50 0.76 98 3 9
0.79 88.55 0.76 100 3 9
0.89 88.60 0.76 110 3 9
0.49 88.65 0.76 70 3 9
0.35 88.70 0.76 56 3 9
0.69 88.75 0.76 90 3 9
1.06 88.80 0.76 127 3 9
0.84 88.85 0.76 105 3 9
0.78 88.90 0.76 99 3 9
0.81 88.95 0.76 102 3 9
0.99 89.00 0.76 120 3 9
0.53 89.05 0.76 74 3 9
1.01 89.10 0.76 122 3 9
0.65 89.15 0.76 86 3 9
0.74 89.20 0.76 95 3 9
0.42 89.25 0.76 63 3 9
0.59 89.30 0.76 80 3 9
0.74 89.35 0.76 95 3 9
1.04 89.40 0.76 125 3 9
0.78 89.45 0.76 99 3 9
0.82 89.50 0.76 103 3 9
0.62 89.55 0.76 83 3 9
0.86 89.60 0.76 107 3 9
0.69 89.65 0.76 90 3 9
0.75 89.70 0.76 96 3 9
1.03 89.75 0.76 124 3 9
0.72 89.80 0.76 93 3 9
0.56 89.85 0.76 77 3 9
0.67 89.90 0.76 88 3 9
0.35 89.95 0.76 56 3 9
0.77 90.00 0.76 98 3 9
0.76 90.05 0.76 97 3 9
0.77 90.10 0.76 98 3 9
0.70 90.15 0.76 91 3 9
0.79 90.20 0.76 100 3 9
0.76 90.25 0.76 97 3 9
0.88 90.30 0.76 109 3 9
0.71 90.35 0.76 92 3 9
0.82 90.40 0.76 103 3 9
0.77 90.45 0.76 98 3 9
0.51 90.50 0.51 72 2 9
0.41 90.55 0.51 62 2 9
0.77 90.60 0.51 98 2 9
0.30 90.65 0.51 51 2 9
0.52 90.70 0.51 73 2 9
0.51 90.75 0.51 72 2 9
0.52 90.80 0.51 73 2 9
0.95 90.85 0.51 116 2 9
0.63 90.90 0.51 84 2 9
0.37 90.95 0.51 58 2 9
0.85 91.00 0.51 106 2 9
0.70 91.05 0.51 91 2 9
1.07 91.10 0.51 128 2 9
-0.05 91.15 0.06 16 1 9
0.09 91.20 0.06 30 1 9
0.05 91.25 0.06 26 1 9
-0.01 91.30 0.06 20 1 9
0.14 91.35 0.06 35 1 9
0.60 91.40 0.51 81 2 9
0.48 91.45 0.51 69 2 9
0.63 91.50 0.51 84 2 9
0.58 91.55 0.51 79 2 9
0.90 91.60 0.51 111 2 9
0.30 91.65 0.51 51 2 10
0.43 91.70 0.51 64 2 10
0.63 91.75 0.76 84 3 10
0.66 91.80 0.76 87 3 10
0.74 91.85 0.76 95 3 10
0.89 91.90 0.76 110 3 10
0.89 91.95 0.76 110 3 10
0.61 92.00 0.76 82 3 10
0.77 92.05 0.76 98 3 10
0.82 92.10 0.76 103 3 10
0.74 92.15 0.76 95 3 10
0.71 92.20 0.76 92 3 10
0.61 92.25 0.76 82 3 10
-0.04 92.30 0.06 17 1 10
0.07 92.35 0.06 28 1 10
0.50 92.40 0.51 71 2 10
0.52 92.45 0.51 73 2 10
0.71 92.50 0.76 92 3 10
0.73 92.55 0.76 94 3 10
0.75 92.60 0.76 96 3 10
0.89 92.65 0.76 110 3 10
0.73 92.70 0.76 94 3 10
0.54 92.75 0.76 75 3 10
0.72 92.80 0.76 93 3 10
0.66 92.85 0.76 87 3 10
0.59 92.90 0.76 80 3 10
0.65 92.95 0.76 86 3 10
0.74 93.00 0.76 95 3 10
0.73 93.05 0.76 94 3 10
0.58 93.10 0.76 79 3 10
0.59 93.15 0.76 80 3 10
0.64 93.20 0.76 85 3 10
0.71 93.25 0.76 92 3 10
0.75 93.30 0.76 96 3 10
0.71 93.35 0.76 92 3 10
0.65 93.40 0.76 86 3 10
0.67 93.45 0.76 88 3 10
0.55 93.50 0.76 76 3 10
0.45 93.55 0.76 66 3 10
0.83 93.60 0.76 104 3 10
0.60 93.65 0.76 81 3 10
0.75 93.70 0.76 96 3 10
0.61 93.75 0.76 82 3 10
0.85 93.80 0.76 106 3 10
0.77 93.85 0.76 98 3 10
0.64 93.90 0.76 85 3 10
0.89 93.95 0.76 110 3 10
0.77 94.00 0.76 98 3 10
0.69 94.05 0.76 90 3 10
0.59 94.10 0.76 80 3 10
0.74 94.15 0.76 95 3 10
0.60 94.20 0.76 81 3 10
0.64 94.25 0.76 85 3 10
0.64 94.30 0.76 85 3 10
0.76 94.35 0.76 97 3 10
0.56 94.40 0.76 77 3 10
0.51 94.45 0.76 72 3 10
0.66 94.50 0.76 87 3 10
0.75 94.55 0.76 96 3 10
0.70 94.60 0.76 91 3 10
0.66 94.65 0.76 87 3 10
0.58 94.70 0.76 79 3 10
0.63 94.75 0.76 84 3 10
0.63 94.80 0.76 84 3 10
0.72 94.85 0.76 93 3 10
0.45 94.90 0.76 66 3 10
0.36 94.95 0.76 57 3 10
0.63 95.00 0.76 84 3 10
0.58 95.05 0.76 79 3 10
0.71 95.10 0.76 92 3 10
0.73 95.15 0.76 94 3 10
0.80 95.20 0.76 101 3 10
0.47 95.25 0.76 68 3 10
0.61 95.30 0.76 82 3 10
0.67 95.35 0.76 88 3 10
0.66 95.40 0.76 87 3 10
0.76 95.45 0.76 97 3 10
0.78 95.50 0.76 99 3 10
0.77 95.55 0.76 98 3 10
0.73 95.60 0.76 94 3 10
0.62 95.65 0.76 83 3 10
0.74 95.70 0.76 95 3 10
0.50 95.75 0.76 71 3 10
0.72 95.80 0.76 93 3 10
0.65 95.85 0.76 86 3 10
0.64 95.90 0.76 85 3 10
0.78 95.95 0.76 99 3 10
0.63 96.00 0.76 84 3 10
0.91 96.05 0.76 112 3 10
0.81 96.10 0.76 102 3 10
0.66 96.15 0.76 87 3 10
1.07 96.20 0.76 128 3 10
0.73 96.25 0.76 94 3 10
0.46 96.30 0.76 67 3 10
0.63 96.35 0.76 84 3 10
0.77 96.40 0.76 98 3 10
0.68 96.45 0.76 89 3 10
0.65 96.50 0.76 86 3 10
0.84 96.55 0.76 105 3 10
0.66 96.60 0.76 87 3 10
0.62 96.65 0.76 83 3 10
0.87 96.70 0.76 108 3 10
0.48 96.75 0.51 69 2 10
0.14 96.80 0.51 35 2 10
0.46 96.85 0.51 67 2 10
0.46 96.90 0.51 67 2 10
0.42 96.95 0.51 63 2 10
0.64 97.00 0.51 85 2 10
0.51 97.05 0.51 72 2 10
0.56 97.10 0.51 77 2 10
0.70 97.15 0.76 91 3 10
0.66 97.20 0.76 87 3 10
0.85 97.25 0.76 106 3 10
0.75 97.30 0.76 96 3 10
0.71 97.35 0.76 92 3 10
0.72 97.40 0.76 93 3 10
0.71 97.45 0.76 92 3 10
0.46 97.50 0.76 67 3 10
0.67 97.55 0.76 88 3 10
0.61 97.60 0.76 82 3 10
0.68 97.65 0.76 89 3 10
0.68 97.70 0.76 89 3 10
0.63 97.75 0.76 84 3 10
0.57 97.80 0.76 78 3 10
0.71 97.85 0.76 92 3 10
0.65 97.90 0.76 86 3 10
0.74 97.95 0.76 95 3 10
0.59 98.00 0.51 80 2 10
0.46 98.05 0.51 67 2 10
0.47 98.10 0.51 68 2 10
0.39 98.15 0.51 60 2 10
0.69 98.20 0.51 90 2 10
0.42 98.25 0.51 63 2 10
0.59 98.30 0.51 80 2 10
0.79 98.35 0.76 100 3 11
0.83 98.40 0.76 104 3 11
1.02 98.45 0.76 123 3 11
0.81 98.50 0.76 102 3 11
0.42 98.55 0.76 63 3 11
0.70 98.60 0.76 91 3 11
0.88 98.65 0.76 109 3 11
0.85 98.70 0.76 106 3 11
0.75 98.75 0.76 96 3 11
0.62 98.80 0.76 83 3 11
0.65 98.85 0.76 86 3 11
0.89 98.90 0.76 110 3 11
0.75 98.95 0.76 96 3 11
1.12 99.00 0.76 133 3 11
0.69 99.05 0.76 90 3 11
0.59 99.10 0.76 80 3 11
0.70 99.15 0.76 91 3 11
0.58 99.20 0.76 79 3 11
1.11 99.25 0.76 132 3 11
1.01 99.30 0.76 122 3 11
0.86 99.35 0.76 107 3 11
0.85 99.40 0.76 106 3 11
0.94 99.45 0.76 115 3 11
0.90 99.50 0.76 111 3 11
0.67 99.55 0.76 88 3 11
0.75 99.60 0.76 96 3 11
0.80 99.65 0.76 101 3 11
0.81 99.70 0.76 102 3 11
0.80 99.75 0.76 101 3 11
0.85 99.80 0.76 106 3 11
0.62 99.85 0.76 83 3 11
1.01 99.90 0.76 122 3 11
0.85 99.95 0.76 106 3 11
0.89 100.00 0.76 110 3 11
1.07 100.05 0.76 128 3 11
1.15 100.10 0.76 136 3 11
0.76 100.15 0.76 97 3 11
0.74 100.20 0.76 95 3 11
0.83 100.25 0.76 104 3 11
0.25 100.30 0.51 46 2 11
0.52 100.35 0.51 73 2 11
0.30 100.40 0.51 51 2 11
0.19 100.45 0.51 40 2 11
0.46 100.50 0.51 67 2 11
0.57 100.55 0.51 78 2 11
0.14 100.60 0.51 35 2 11
0.43 100.65 0.51 64 2 11
0.36 100.70 0.51 57 2 11
0.30 100.75 0.51 51 2 11
0.34 100.80 0.51 55 2 11
0.23 100.85 0.06 44 1 11
0.03 100.90 0.06 24 1 11
0.13 100.95 0.06 34 1 11
-0.06 101.00 0.06 15 1 11
-0.10 101.05 0.06 11 1 11
0.00 101.10 0.06 21 1 11
-0.11 101.15 0.06 10 1 11
0.14 101.20 0.06 35 1 11
0.07 101.25 0.06 28 1 11
0.13 101.30 0.06 34 1 11
0.04 101.35 0.06 25 1 11
-0.15 101.40 0.06 6 1 11
0.15 101.45 0.06 36 1 11
-0.00 101.50 0.06 21 1 11
-0.07 101.55 0.06 14 1 11
-0.06 101.60 0.06 15 1 11
-0.01 101.65 0.06 20 1 11
0.09 101.70 0.06 30 1 11
0.02 101.75 0.06 23 1 11
0.07 101.80 0.06 28 1 11
-0.10 101.85 0.06 11 1 11
-0.09 101.90 0.06 12 1 11
0.15 101.95 0.06 36 1 11
0.13 102.00 0.06 34 1 11
0.17 102.05 0.06 38 1 11
-0.09 102.10 0.06 12 1 11
-0.15 102.15 0.06 6 1 11
-0.06 102.20 0.06 15 1 11
-0.04 102.25 0.06 17 1 11
-0.09 102.30 0.06 12 1 11
-0.06 102.35 0.06 15 1 11
0.04 102.40 0.06 25 1 11
-0.00 102.45 0.06 21 1 11
-0.03 102.50 0.06 18 1 11
0.04 102.55 0.06 25 1 11
0.06 102.60 0.06 27 1 11
0.01 102.65 0.06 22 1 11
0.18 102.70 0.06 39 1 11
0.10 102.75 0.06 31 1 11
0.04 102.80 0.06 25 1 11
0.07 102.85 0.06 28 1 11
-0.01 102.90 0.06 20 1 11
-0.02 102.95 0.06 19 1 11
0.06 103.00 0.06 27 1 11
-0.07 103.05 0.06 14 1 11
-0.11 103.10 0.06 10 1 11
-0.08 103.15 0.06 13 1 11
-0.07 103.20 0.06 14 1 11
-0.00 103.25 0.06 21 1 11
0.17 103.30 0.06 38 1 11
-0.12 103.35 0.06 9 1 11
0.11 103.40 0.06 32 1 11
-0.03 103.45 0.06 18 1 11
-0.07 103.50 0.06 14 1 11
-0.12 103.55 0.06 9 1 11
0.00 103.60 0.06 21 1 11
-0.00 103.65 0.06 21 1 11
0.17 103.70 0.06 38 1 11
-0.12 103.75 0.06 9 1 11
0.07 103.80 0.06 28 1 11
0.05 103.85 0.06 26 1 11
-0.00 103.90 0.06 21 1 11
-0.06 103.95 0.06 15 1 11
0.15 104.00 0.06 36 1 11
-0.02 104.05 0.06 19 1 11
0.07 104.10 0.06 28 1 11
0.01 104.15 0.06 22 1 11
0.02 104.20 0.06 23 1 11
0.13 104.25 0.06 34 1 11
-0.18 104.30 0.06 3 1 11
0.00 104.35 0.06 21 1 11
-0.17 104.40 0.06 4 1 11
-0.14 104.45 0.06 7 1 11
-0.11 104.50 0.06 10 1 11
0.03 104.55 0.06 24 1 11
0.17 104.60 0.06 38 1 11
-0.14 104.65 0.06 7 1 11
0.16 104.70 0.06 37 1 11
0.02 104.75 0.06 23 1 11
0.11 104.80 0.06 32 1 11
0.06 104.85 0.06 27 1 11
0.04 104.90 0.06 25 1 11
0.17 104.95 0.06 38 1 11
-0.10 105.00 0.06 11 1 11
0.04 105.05 0.06 25 1 11
0.06 105.10 0.06 27 1 11
0.13 105.15 0.06 34 1 11
0.03 105.20 0.06 24 1 11
0.04 105.25 0.06 25 1 11
0.05 105.30 0.06 26 1 11
0.23 105.35 0.06 44 1 11
0.15 105.40 0.06 36 1 11
0.15 105.45 0.06 36 1 11
-0.01 105.50 0.06 20 1 11
-0.00 105.55 0.06 21 1 11
0.00 105.60 0.06 21 1 11
-0.12 105.65 0.06 9 1 11
0.00 105.70 0.06 21 1 11
-0.03 105.75 0.06 18 1 11
-0.20 105.80 0.06 1 1 11
0.07 105.85 0.06 28 1 11
0.55 105.90 0.51 76 2 12
0.43 105.95 0.51 64 2 12
0.46 106.00 0.51 67 2 12
0.41 106.05 0.51 62 2 12
0.27 106.10 0.51 48 2 12
0.54 106.15 0.51 75 2 12
0.43 106.20 0.51 64 2 12
0.50 106.25 0.51 71 2 12
0.48 106.30 0.51 69 2 12
0.44 106.35 0.51 65 2 12
0.75 106.40 0.51 96 2 12
0.52 106.45 0.51 73 2 12
0.49 106.50 0.51 70 2 12
0.48 106.55 0.51 69 2 12
0.63 106.60 0.51 84 2 12
0.38 106.65 0.51 59 2 12
0.31 106.70 0.51 52 2 12
0.50 106.75 0.51 71 2 12
0.48 106.80 0.51 69 2 12
0.55 106.85 0.51 76 2 12
0.61 106.90 0.51 82 2 12
0.50 106.95 0.51 71 2 12
0.52 107.00 0.51 73 2 12
0.44 107.05 0.51 65 2 12
0.54 107.10 0.51 75 2 12
0.16 107.15 0.51 37 2 12
0.53 107.20 0.51 74 2 12
0.33 107.25 0.51 54 2 12
0.68 107.30 0.51 89 2 12
0.31 107.35 0.51 52 2 12
0.39 107.40 0.51 60 2 12
0.54 107.45 0.51 75 2 12
0.37 107.50 0.51 58 2 12
0.36 107.55 0.51 57 2 12
0.63 107.60 0.51 84 2 12
0.70 107.65 0.51 91 2 12
0.51 107.70 0.51 72 2 12
0.49 107.75 0.51 70 2 12
0.57 107.80 0.51 78 2 12
0.21 107.85 0.51 42 2 12
0.21 107.90 0.51 42 2 12
0.04 107.95 0.51 25 2 12
0.57 108.00 0.51 78 2 12
0.52 108.05 0.51 73 2 12
0.56 108.10 0.51 77 2 12
0.35 108.15 0.51 56 2 12
0.43 108.20 0.51 64 2 12
0.59 108.25 0.51 80 2 12
0.30 108.30 0.51 51 2 12
0.42 108.35 0.51 63 2 12
0.43 108.40 0.51 64 2 12
0.68 108.45 0.51 89 2 12
0.53 108.50 0.51 74 2 12
0.26 108.55 0.51 47 2 12
0.56 108.60 0.51 77 2 12
0.35 108.65 0.51 56 2 12
0.43 108.70 0.51 64 2 12
0.54 108.75 0.51 75 2 12
0.61 108.80 0.51 82 2 12
0.66 108.85 0.51 87 2 12
0.70 108.90 0.51 91 2 12
0.38 108.95 0.51 59 2 12
0.31 109.00 0.51 52 2 12
0.38 109.05 0.51 59 2 12
0.09 109.10 0.51 30 2 12
0.35 109.15 0.51 56 2 12
0.67 109.20 0.51 88 2 12
0.60 109.25 0.51 81 2 12
0.49 109.30 0.51 70 2 12
0.19 109.35 0.51 40 2 12
0.24 109.40 0.51 45 2 12
0.58 109.45 0.51 79 2 12
0.39 109.50 0.51 60 2 12
0.27 109.55 0.51 48 2 12
0.17 109.60 0.51 38 2 12
0.45 109.65 0.51 66 2 12
0.34 109.70 0.51 55 2 12
0.32 109.75 0.51 53 2 12
0.51 109.80 0.51 72 2 12
0.24 109.85 0.51 45 2 12
0.16 109.90 0.51 37 2 12
0.25 109.95 0.51 46 2 12
0.42 110.00 0.51 63 2 12
0.40 110.05 0.51 61 2 12
0.44 110.10 0.51 65 2 12
0.66 110.15 0.51 87 2 12
0.32 110.20 0.51 53 2 12
0.40 110.25 0.51 61 2 12
0.61 110.30 0.51 82 2 12
0.28 110.35 0.51 49 2 12
0.50 110.40 0.51 71 2 12
0.47 110.45 0.51 68 2 12
0.60 110.50 0.51 81 2 12
0.40 110.55 0.51 61 2 12
0.55 110.60 0.51 76 2 12
0.46 110.65 0.51 67 2 12
0.58 110.70 0.51 79 2 12
0.47 110.75 0.51 68 2 12
0.50 110.80 0.51 71 2 12
0.26 110.85 0.51 47 2 12
0.67 110.90 0.51 88 2 12
0.42 110.95 0.51 63 2 12
0.36 111.00 0.51 57 2 12
0.32 111.05 0.51 53 2 12
0.46 111.10 0.51 67 2 12
0.27 111.15 0.51 48 2 12
0.38 111.20 0.51 59 2 12
0.59 111.25 0.51 80 2 12
0.28 111.30 0.51 49 2 12
0.46 111.35 0.51 67 2 12
0.57 111.40 0.51 78 2 12
0.84 111.45 0.51 105 2 12
0.37 111.50 0.51 58 2 12
0.49 111.55 0.51 70 2 12
0.43 111.60 0.51 64 2 12
0.33 111.65 0.51 54 2 12
0.56 111.70 0.51 77 2 12
0.45 111.75 0.51 66 2 12
0.45 111.80 0.51 66 2 12
0.33 111.85 0.51 54 2 12
0.48 111.90 0.51 69 2 12
0.20 111.95 0.51 41 2 12
0.62 112.00 0.51 83 2 12
0.64 112.05 0.51 85 2 12
0.40 112.10 0.51 61 2 12
0.37 112.15 0.51 58 2 12
0.30 112.20 0.51 51 2 12
0.29 112.25 0.51 50 2 12
0.51 112.30 0.51 72 2 12
0.33 112.35 0.51 54 2 12
0.40 112.40 0.51 61 2 12
0.54 112.45 0.51 75 2 12
0.32 112.50 0.51 53 2 12
0.94 112.55 0.51 115 2 12
0.47 112.60 0.51 68 2 12
0.55 112.65 0.51 76 2 12
0.57 112.70 0.51 78 2 12
0.89 112.75 0.76 110 3 12
1.01 112.80 0.76 122 3 12
0.80 112.85 0.76 101 3 12
0.56 112.90 0.76 77 3 12
0.88 112.95 0.76 109 3 12
-0.05 113.00 0.06 16 1 12
0.22 113.05 0.06 43 1 12
0.13 113.10 0.06 34 1 12
0.01 113.15 0.06 22 1 12
0.10 113.20 0.06 31 1 12
-0.07 113.25 0.06 14 1 12
-0.06 113.30 0.06 15 1 12
0.30 113.35 0.06 51 1 12
-0.02 113.40 0.06 19 1 12
0.13 113.45 0.06 34 1 12
0.05 113.50 0.06 26 1 12
-0.19 113.55 0.06 2 1 12
0.24 113.60 0.06 45 1 12
-0.08 113.65 0.06 13 1 12
0.25 113.70 0.06 46 1 12
0.22 113.75 0.06 43 1 12
0.14 113.80 0.06 35 1 12
0.23 113.85 0.06 44 1 12
0.18 113.90 0.06 39 1 12
0.02 113.95 0.06 23 1 12
0.16 114.00 0.06 37 1 12
0.23 114.05 0.06 44 1 12
0.06 114.10 0.06 27 1 12
0.12 114.15 0.06 33 1 12
0.02 114.20 0.06 23 1 12
-0.11 114.25 0.06 10 1 12
-0.06 114.30 0.06 15 1 12
0.13 114.35 0.06 34 1 12
0.36 114.40 0.06 57 1 12
0.28 114.45 0.06 49 1 12
0.26 114.50 0.06 47 1 12
0.06 114.55 0.06 27 1 12
0.13 114.60 0.06 34 1 12
0.45 114.65 0.06 66 1 12
0.15 114.70 0.06 36 1 12
0.38 114.75 0.06 59 1 12
-0.03 114.80 0.06 18 1 12
0.62 114.85 0.51 83 2 12
-0.15 114.90 0.06 6 1 12
-0.19 114.95 0.06 2 1 12
0.43 115.00 0.06 64 1 12
0.19 115.05 0.06 40 1 12
0.30 115.10 0.06 51 1 12
0.41 115.15 0.06 62 1 12
-0.16 115.20 0.06 5 1 12
0.21 115.25 0.06 42 1 12
-0.04 115.30 0.06 17 1 12
0.03 115.35 0.06 24 1 12
-0.09 115.40 0.06 12 1 12
-0.10 115.45 0.06 11 1 12
0.08 115.50 0.06 29 1 12
0.00 115.55 0.06 21 1 12
0.27 115.60 0.06 48 1 12
0.16 115.65 0.06 37 1 12
0.14 115.70 0.06 35 1 12
-0.10 115.75 0.06 11 1 12
0.24 115.80 0.06 45 1 12
0.32 115.85 0.06 53 1 12
0.36 115.90 0.06 57 1 12
0.22 115.95 0.06 43 1 12
-0.16 116.00 0.06 5 1 12
-0.11 116.05 0.06 10 1 12
0.33 116.10 0.06 54 1 12
0.12 116.15 0.06 33 1 12
-0.12 116.20 0.06 9 1 12
-0.09 116.25 0.06 12 1 12
-0.03 116.30 0.06 18 1 12
-0.17 116.35 0.06 4 1 12
0.04 116.40 0.06 25 1 12
-0.18 116.45 0.06 3 1 12
-0.11 116.50 0.06 10 1 12
-0.05 116.55 0.06 16 1 12
0.33 116.60 0.06 54 1 12
-0.01 116.65 0.06 20 1 12
0.07 116.70 0.06 28 1 12
0.19 116.75 0.06 40 1 12
0.02 116.80 0.06 23 1 12
-0.01 116.85 0.06 20 1 12
-0.05 116.90 0.06 16 1 12
0.22 116.95 0.06 43 1 12
0.16 117.00 0.06 37 1 12
0.34 117.05 0.06 55 1 12
-0.15 117.10 0.06 6 1 12
-0.16 117.15 0.06 5 1 12
0.18 117.20 0.06 39 1 12
0.12 117.25 0.06 33 1 12
0.17 117.30 0.06 38 1 12
0.01 117.35 0.06 22 1 12
0.19 117.40 0.06 40 1 12
0.00 117.45 0.06 21 1 12
0.47 117.50 0.06 68 1 12
0.20 117.55 0.06 41 1 12
0.07 117.60 0.06 28 1 12
0.65 117.65 0.51 86 2 12
-0.12 117.70 0.06 9 1 12
-0.11 117.75 0.06 10 1 12
0.06 117.80 0.06 27 1 12
-0.19 117.85 0.06 2 1 12
0.11 117.90 0.06 32 1 12
0.15 117.95 0.06 36 1 12
0.47 118.00 0.51 68 2 12
0.54 118.05 0.51 75 2 13
0.41 118.10 0.51 62 2 13
0.49 118.15 0.51 70 2 13
0.55 118.20 0.51 76 2 13
0.17 118.25 0.06 38 1 13
-0.05 118.30 0.06 16 1 13
0.18 118.35 0.06 39 1 13
0.09 118.40 0.06 30 1 13
-0.19 118.45 0.06 2 1 13
0.23 118.50 0.06 44 1 13
0.38 118.55 0.06 59 1 13
0.04 118.60 0.06 25 1 13
-0.20 118.65 0.06 1 1 13
0.10 118.70 0.06 31 1 13
-0.05 118.75 0.06 16 1 13
0.09 118.80 0.06 30 1 13
0.04 118.85 0.06 25 1 13
0.24 118.90 0.06 45 1 13
0.26 118.95 0.06 47 1 13
-0.02 119.00 0.06 19 1 13
0.20 119.05 0.06 41 1 13
-0.09 119.10 0.06 12 1 13
0.18 119.15 0.06 39 1 13
-0.05 119.20 0.06 16 1 13
0.09 119.25 0.06 30 1 13
0.08 119.30 0.06 29 1 13
0.36 119.35 0.06 57 1 13
0.26 119.40 0.06 47 1 13
0.06 119.45 0.06 27 1 13
-0.11 119.50 0.06 10 1 13
0.04 119.55 0.06 25 1 13
-0.10 119.60 0.06 11 1 13
0.05 119.65 0.06 26 1 13
-0.14 119.70 0.06 7 1 13
0.05 119.75 0.06 26 1 13
0.24 119.80 0.06 45 1 13
0.60 119.85 0.51 81 2 13
0.25 119.90 0.06 46 1 13
0.17 119.95 0.06 38 1 13
0.27 120.00 0.06 48 1 13
0.30 120.05 0.06 51 1 13
0.01 120.10 0.06 22 1 13
-0.15 120.15 0.06 6 1 13
-0.01 120.20 0.06 20 1 13
-0.19 120.25 0.06 2 1 13
0.28 120.30 0.06 49 1 13
0.08 120.35 0.06 29 1 13
0.06 120.40 0.06 27 1 13
0.12 120.45 0.06 33 1 13
0.09 120.50 0.06 30 1 13
-0.11 120.55 0.06 10 1 13
0.09 120.60 0.06 30 1 13
0.30 120.65 0.06 51 1 13
0.14 120.70 0.06 35 1 13
0.01 120.75 0.06 22 1 13
0.34 120.80 0.06 55 1 13
0.23 120.85 0.06 44 1 13
-0.04 120.90 0.06 17 1 13
-0.08 120.95 0.06 13 1 13
-0.06 121.00 0.06 15 1 13
0.23 121.05 0.06 44 1 13
0.23 121.10 0.06 44 1 13
0.26 121.15 0.06 47 1 13
0.46 121.20 0.06 67 1 13
0.22 121.25 0.06 43 1 13
0.10 121.30 0.06 31 1 13
0.12 121.35 0.06 33 1 13
0.24 121.40 0.06 45 1 13
0.03 121.45 0.06 24 1 13
-0.06 121.50 0.06 15 1 13
0.09 121.55 0.06 30 1 13
0.22 121.60 0.06 43 1 13
-0.06 121.65 0.06 15 1 13
-0.10 121.70 0.06 11 1 13
0.10 121.75 0.06 31 1 13
0.02 121.80 0.06 23 1 13
0.19 121.85 0.06 40 1 13
0.29 121.90 0.06 50 1 13
0.31 121.95 0.06 52 1 14
0.12 122.00 0.06 33 1 14
0.16 122.05 0.06 37 1 14
0.11 122.10 0.06 32 1 14
0.13 122.15 0.06 34 1 14
0.19 122.20 0.06 40 1 14
0.25 122.25 0.06 46 1 14
0.19 122.30 0.06 40 1 14
0.25 122.35 0.06 46 1 14
0.26 122.40 0.06 47 1 14
0.13 122.45 0.06 34 1 14
0.06 122.50 0.06 27 1 14
0.04 122.55 0.06 25 1 14
-0.05 122.60 0.06 16 1 14
0.10 122.65 0.06 31 1 14
-0.03 122.70 0.06 18 1 14
0.21 122.75 0.06 42 1 14
0.13 122.80 0.06 34 1 14
0.01 122.85 0.06 22 1 14
0.16 122.90 0.06 37 1 14
0.35 122.95 0.06 56 1 14
0.10 123.00 0.06 31 1 14
0.19 123.05 0.06 40 1 14
-0.03 123.10 0.06 18 1 14
-0.06 123.15 0.06 15 1 14
0.13 123.20 0.06 34 1 14
0.09 123.25 0.06 30 1 14
0.26 123.30 0.06 47 1 14
0.28 123.35 0.06 49 1 14
-0.02 123.40 0.06 19 1 14
0.04 123.45 0.06 25 1 14
-0.06 123.50 0.06 15 1 14
0.10 123.55 0.06 31 1 14
0.13 123.60 0.06 34 1 14
0.19 123.65 0.06 40 1 14
0.17 123.70 0.06 38 1 14
0.19 123.75 0.06 40 1 14
0.11 123.80 0.06 32 1 14
0.04 123.85 0.06 25 1 14
0.10 123.90 0.06 31 1 14
0.12 123.95 0.06 33 1 14
0.22 124.00 0.06 43 1 14
0.00 124.05 0.06 21 1 14
0.06 124.10 0.06 27 1 14
0.12 124.15 0.06 33 1 14
0.03 124.20 0.06 24 1 14
0.11 124.25 0.06 32 1 14
0.19 124.30 0.06 40 1 14
0.02 124.35 0.06 23 1 14
0.05 124.40 0.06 26 1 14
-0.13 124.45 0.06 8 1 14
0.03 124.50 0.06 24 1 14
0.13 124.55 0.06 34 1 14
0.08 124.60 0.06 29 1 14
0.16 124.65 0.06 37 1 14
0.11 124.70 0.06 32 1 14
0.09 124.75 0.06 30 1 14
0.29 124.80 0.06 50 1 14
0.23 124.85 0.06 44 1 14
0.05 124.90 0.06 26 1 14
0.32 124.95 0.06 53 1 14
0.18 125.00 0.06 39 1 14
0.13 125.05 0.06 34 1 14
0.18 125.10 0.06 39 1 14
0.09 125.15 0.06 30 1 14
0.21 125.20 0.06 42 1 14
0.06 125.25 0.06 27 1 14
0.13 125.30 0.06 34 1 14
0.15 125.35 0.06 36 1 14
-0.00 125.40 0.06 21 1 14
0.09 125.45 0.06 30 1 14
0.14 125.50 0.06 35 1 14
-0.17 125.55 0.06 4 1 14
0.00 125.60 0.06 21 1 14
-0.16 125.65 0.06 5 1 14
0.00 125.70 0.06 21 1 14
-0.13 125.75 0.06 8 1 14
-0.06 125.80 0.06 15 1 14
-0.02 125.85 0.06 19 1 14
0.05 125.90 0.06 26 1 14
0.02 125.95 0.06 23 1 14
-0.08 126.00 0.06 13 1 14
-0.00 126.05 0.06 21 1 14
-0.02 126.10 0.06 19 1 14
-0.09 126.15 0.06 12 1 14
0.01 126.20 0.06 22 1 14
0.12 126.25 0.06 33 1 14
0.08 126.30 0.06 29 1 14
0.03 126.35 0.06 24 1 14
0.12 126.40 0.06 33 1 14
0.09 126.45 0.06 30 1 14
0.20 126.50 0.06 41 1 14
0.23 126.55 0.06 44 1 14
0.23 126.60 0.06 44 1 14
0.16 126.65 0.06 37 1 14
0.32 126.70 0.06 53 1 14
0.25 126.75 0.06 46 1 14
0.04 126.80 0.06 25 1 14
0.05 126.85 0.06 26 1 14
-0.07 126.90 0.06 14 1 14
0.07 126.95 0.06 28 1 14
0.05 127.00 0.06 26 1 14
0.09 127.05 0.06 30 1 14
0.03 127.10 0.06 24 1 14
-0.12 127.15 0.06 9 1 14
0.12 127.20 0.06 33 1 14
0.23 127.25 0.06 44 1 14
0.29 127.30 0.06 50 1 14
0.02 127.35 0.06 23 1 14
0.08 127.40 0.06 29 1 14
0.27 127.45 0.06 48 1 14
0.16 127.50 0.06 37 1 14
-0.18 127.55 0.06 3 1 14
0.08 127.60 0.06 29 1 14
0.29 127.65 0.06 50 1 14
-0.07 127.70 0.06 14 1 14
0.19 127.75 0.06 40 1 14
0.34 127.80 0.06 55 1 14
0.06 127.85 0.06 27 1 14
0.04 127.90 0.06 25 1 14
0.57 127.95 0.76 78 3 14
0.80 128.00 0.76 101 3 14
1.20 128.05 0.76 141 3 14
1.07 128.10 0.76 128 3 14
0.77 128.15 0.76 98 3 14
1.02 128.20 0.76 123 3 14
0.63 128.25 0.76 84 3 14
0.67 128.30 0.76 88 3 14
0.34 128.35 0.76 55 3 14
0.73 128.40 0.76 94 3 14
0.67 128.45 0.76 88 3 14
1.04 128.50 0.76 125 3 14
0.54 128.55 0.76 75 3 14
0.74 128.60 0.76 95 3 14
0.58 128.65 0.51 79 2 14
0.54 128.70 0.51 75 2 14
0.49 128.75 0.51 70 2 14
0.44 128.80 0.51 65 2 14
0.79 128.85 0.51 100 2 14
0.57 128.90 0.51 78 2 14
0.27 128.95 0.51 48 2 14
0.95 129.00 0.76 116 3 14
1.18 129.05 0.76 139 3 14
0.69 129.10 0.76 90 3 14
0.55 129.15 0.76 76 3 14
0.95 129.20 0.76 116 3 14
0.89 129.25 0.76 110 3 14
0.74 129.30 0.76 95 3 14
0.79 129.35 0.76 100 3 14
0.53 129.40 0.76 74 3 14
1.01 129.45 0.76 122 3 14
0.49 129.50 0.76 70 3 14
0.75 129.55 0.76 96 3 14
0.67 129.60 0.76 88 3 15
0.98 129.65 0.76 119 3 15
1.04 129.70 0.76 125 3 15
0.59 129.75 0.76 80 3 15
0.48 129.80 0.76 69 3 15
0.75 129.85 0.76 96 3 15
0.40 129.90 0.76 61 3 15
0.55 129.95 0.76 76 3 15
0.72 130.00 0.76 93 3 15
0.90 130.05 0.76 111 3 15
0.75 130.10 0.76 96 3 15
0.97 130.15 0.76 118 3 15
0.84 130.20 0.76 105 3 15
0.82 130.25 0.76 103 3 15
0.66 130.30 0.76 87 3 15
0.30 130.35 0.06 51 1 15
-0.02 130.40 0.06 19 1 15
-0.18 130.45 0.06 3 1 15
-0.07 130.50 0.06 14 1 15
-0.08 130.55 0.06 13 1 15
-0.14 130.60 0.06 7 1 15
-0.09 130.65 0.06 12 1 15
-0.10 130.70 0.06 11 1 15
0.32 130.75 0.06 53 1 15
0.06 130.80 0.06 27 1 15
0.04 130.85 0.06 25 1 15
-0.11 130.90 0.06 10 1 15
-0.05 130.95 0.06 16 1 15
-0.02 131.00 0.06 19 1 15
0.33 131.05 0.06 54 1 15
0.18 131.10 0.06 39 1 15
0.01 131.15 0.06 22 1 15
-0.00 131.20 0.06 21 1 15
-0.17 131.25 0.06 4 1 15
-0.03 131.30 0.06 18 1 15
0.19 131.35 0.06 40 1 15
0.03 131.40 0.06 24 1 15
-0.00 131.45 0.06 21 1 15
-0.16 131.50 0.06 5 1 15
0.03 131.55 0.06 24 1 15
-0.13 131.60 0.06 8 1 15
0.23 131.65 0.06 44 1 15
-0.04 131.70 0.06 17 1 15
-0.09 131.75 0.06 12 1 15
-0.03 131.80 0.06 18 1 15
0.45 131.85 0.51 66 2 16
0.39 131.90 0.51 60 2 16
0.46 131.95 0.51 67 2 16
0.41 132.00 0.51 62 2 16
0.40 132.05 0.51 61 2 16
0.41 132.10 0.51 62 2 16
0.42 132.15 0.51 63 2 16
0.46 132.20 0.51 67 2 16
0.61 132.25 0.51 82 2 16
0.54 132.30 0.51 75 2 16
0.57 132.35 0.51 78 2 16
0.55 132.40 0.51 76 2 16
0.61 132.45 0.51 82 2 16
0.27 132.50 0.51 48 2 16
0.43 132.55 0.51 64 2 16
0.71 132.60 0.51 92 2 16
0.51 132.65 0.51 72 2 16
0.57 132.70 0.51 78 2 16
0.65 132.75 0.51 86 2 16
0.57 132.80 0.51 78 2 16
0.55 132.85 0.51 76 2 16
0.65 132.90 0.76 86 3 16
0.64 132.95 0.76 85 3 16
0.89 133.00 0.76 110 3 16
0.66 133.05 0.76 87 3 16
0.47 133.10 0.76 68 3 16
0.67 133.15 0.76 88 3 16
0.62 133.20 0.76 83 3 16
0.57 133.25 0.76 78 3 16
0.73 133.30 0.76 94 3 16
0.66 133.35 0.76 87 3 16
0.65 133.40 0.76 86 3 16
0.89 133.45 0.76 110 3 16
0.82 133.50 0.76 103 3 16
0.66 133.55 0.76 87 3 16
0.75 133.60 0.76 96 3 16
0.43 133.65 0.51 64 2 16
0.46 133.70 0.51 67 2 16
0.48 133.75 0.51 69 2 16
0.36 133.80 0.51 57 2 16
0.55 133.85 0.51 76 2 16
0.67 133.90 0.51 88 2 16
0.62 133.95 0.51 83 2 16
0.70 134.00 0.51 91 2 16
0.80 134.05 0.51 101 2 16
0.96 134.10 0.51 117 2 16
0.48 134.15 0.51 69 2 16
0.57 134.20 0.51 78 2 16
0.64 134.25 0.51 85 2 16
0.48 134.30 0.51 69 2 16
0.60 134.35 0.51 81 2 16
0.69 134.40 0.51 90 2 16
0.41 134.45 0.51 62 2 16
0.70 134.50 0.51 91 2 16
0.46 134.55 0.51 67 2 16
0.49 134.60 0.51 70 2 16
0.87 134.65 0.76 108 3 16
0.92 134.70 0.76 113 3 16
0.68 134.75 0.76 89 3 16
0.78 134.80 0.76 99 3 16
0.84 134.85 0.76 105 3 16
0.87 134.90 0.76 108 3 16
0.75 134.95 0.76 96 3 16
0.64 135.00 0.76 85 3 16
0.64 135.05 0.76 85 3 16
0.70 135.10 0.76 91 3 16
0.83 135.15 0.76 104 3 16
0.70 135.20 0.76 91 3 16
0.62 135.25 0.76 83 3 16
0.77 135.30 0.76 98 3 16
0.87 135.35 0.76 108 3 16
0.55 135.40 0.51 76 2 16
0.31 135.45 0.51 52 2 16
0.79 135.50 0.51 100 2 16
0.50 135.55 0.51 71 2 16
0.44 135.60 0.51 65 2 16
0.56 135.65 0.51 77 2 16
0.47 135.70 0.51 68 2 16
0.44 135.75 0.51 65 2 16
0.66 135.80 0.51 87 2 16
0.45 135.85 0.51 66 2 16
0.62 135.90 0.51 83 2 16
0.70 135.95 0.51 91 2 16
0.63 136.00 0.51 84 2 16
0.52 136.05 0.51 73 2 16
0.70 136.10 0.51 91 2 16
0.41 136.15 0.51 62 2 16
0.61 136.20 0.51 82 2 16
0.51 136.25 0.51 72 2 16
0.55 136.30 0.51 76 2 16
0.43 136.35 0.51 64 2 16
0.56 136.40 0.51 77 2 16
0.39 136.45 0.51 60 2 16
0.77 136.50 0.51 98 2 16
0.64 136.55 0.51 85 2 16
0.37 136.60 0.51 58 2 16
0.70 136.65 0.51 91 2 16
0.56 136.70 0.51 77 2 16
0.56 136.75 0.51 77 2 16
0.77 136.80 0.51 98 2 16
0.64 136.85 0.51 85 2 16
0.50 136.90 0.51 71 2 16
0.94 136.95 0.51 115 2 16
0.92 137.00 0.51 113 2 16
0.70 137.05 0.51 91 2 16
0.39 137.10 0.51 60 2 16
0.40 137.15 0.51 61 2 16
0.48 137.20 0.51 69 2 16
0.50 137.25 0.51 71 2 16
0.43 137.30 0.51 64 2 16
0.50 137.35 0.51 71 2 16
0.73 137.40 0.51 94 2 16
0.50 137.45 0.51 71 2 16
0.80 137.50 0.76 101 3 16
0.91 137.55 0.76 112 3 16
0.87 137.60 0.76 108 3 16
0.51 137.65 0.76 72 3 16
0.70 137.70 0.76 91 3 16
0.83 137.75 0.76 104 3 16
0.73 137.80 0.76 94 3 16
0.92 137.85 0.76 113 3 16
0.69 137.90 0.76 90 3 16
0.84 137.95 0.76 105 3 16
0.83 138.00 0.76 104 3 16
0.58 138.05 0.76 79 3 16
0.74 138.10 0.76 95 3 16
0.89 138.15 0.76 110 3 16
0.89 138.20 0.76 110 3 16
0.96 138.25 0.76 117 3 16
1.13 138.30 0.76 134 3 16
0.94 138.35 0.76 115 3 16
0.68 138.40 0.76 89 3 16
0.90 138.45 0.76 111 3 16
1.11 138.50 0.76 132 3 16
0.62 138.55 0.76 83 3 16
0.91 138.60 0.76 112 3 16
0.97 138.65 0.76 118 3 16
0.98 138.70 0.76 119 3 16
0.88 138.75 0.76 109 3 16
1.08 138.80 0.76 129 3 16
0.64 138.85 0.76 85 3 16
0.71 138.90 0.76 92 3 16
0.88 138.95 0.76 109 3 16
0.69 139.00 0.76 90 3 16
0.65 139.05 0.76 86 3 16
0.60 139.10 0.76 81 3 16
0.83 139.15 0.76 104 3 16
0.38 139.20 0.76 59 3 16
0.61 139.25 0.76 82 3 16
0.84 139.30 0.76 105 3 16
0.89 139.35 0.76 110 3 16
0.68 139.40 0.76 89 3 16
0.58 139.45 0.76 79 3 16
0.78 139.50 0.76 99 3 16
0.77 139.55 0.76 98 3 16
0.68 139.60 0.76 89 3 16
0.68 139.65 0.76 89 3 16
0.66 139.70 0.76 87 3 16
0.55 139.75 0.51 76 2 16
0.52 139.80 0.51 73 2 16
0.57 139.85 0.51 78 2 16
0.65 139.90 0.51 86 2 16
0.46 139.95 0.51 67 2 16
0.46 140.00 0.51 67 2 16
0.62 140.05 0.51 83 2 16
0.47 140.10 0.51 68 2 16
0.44 140.15 0.51 65 2 16
0.25 140.20 0.51 46 2 16
0.50 140.25 0.51 71 2 16
0.35 140.30 0.51 56 2 16
0.61 140.35 0.51 82 2 16
0.53 140.40 0.51 74 2 16
0.67 140.45 0.51 88 2 16
0.45 140.50 0.51 66 2 16
0.51 140.55 0.51 72 2 16
0.49 140.60 0.51 70 2 16
0.59 140.65 0.51 80 2 16
0.58 140.70 0.51 79 2 16
0.38 140.75 0.51 59 2 16
0.34 140.80 0.51 55 2 16
0.63 140.85 0.51 84 2 16
0.48 140.90 0.51 69 2 16
0.64 140.95 0.51 85 2 16
0.59 141.00 0.51 80 2 16
0.42 141.05 0.51 63 2 16
0.46 141.10 0.51 67 2 16
0.52 141.15 0.51 73 2 16
0.73 141.20 0.76 94 3 16
0.94 141.25 0.76 115 3 16
0.70 141.30 0.76 91 3 16
0.56 141.35 0.76 77 3 16
0.89 141.40 0.76 110 3 16
0.70 141.45 0.76 91 3 16
0.76 141.50 0.76 97 3 16
0.91 141.55 0.76 112 3 16
1.03 141.60 0.76 124 3 16
0.50 141.65 0.76 71 3 16
0.63 141.70 0.76 84 3 16
0.64 141.75 0.76 85 3 16
0.88 141.80 0.76 109 3 16
0.69 141.85 0.76 90 3 16
0.74 141.90 0.76 95 3 16
0.81 141.95 0.76 102 3 16
0.56 142.00 0.51 77 2 16
0.60 142.05 0.51 81 2 16
0.63 142.10 0.51 84 2 16
0.50 142.15 0.51 71 2 16
0.52 142.20 0.51 73 2 16
0.45 142.25 0.51 66 2 16
0.42 142.30 0.51 63 2 16
0.51 142.35 0.51 72 2 16
0.74 142.40 0.51 95 2 16
0.32 142.45 0.51 53 2 16
0.63 142.50 0.51 84 2 16
0.69 142.55 0.51 90 2 16
0.78 142.60 0.51 99 2 16
0.55 142.65 0.51 76 2 16
0.45 142.70 0.51 66 2 16
0.97 142.75 0.76 118 3 16
1.16 142.80 0.76 137 3 16
0.84 142.85 0.76 105 3 16
0.70 142.90 0.76 91 3 16
0.52 142.95 0.76 73 3 16
0.66 143.00 0.76 87 3 16
0.93 143.05 0.76 114 3 16
0.94 143.10 0.76 115 3 16
0.74 143.15 0.76 95 3 16
0.87 143.20 0.76 108 3 16
1.03 143.25 0.76 124 3 16
0.48 143.30 0.76 69 3 16
0.67 143.35 0.76 88 3 16
0.61 143.40 0.76 82 3 16
0.74 143.45 0.76 95 3 16
0.65 143.50 0.76 86 3 16
0.86 143.55 0.76 107 3 16
0.73 143.60 0.76 94 3 16
0.73 143.65 0.76 94 3 16
0.67 143.70 0.76 88 3 16
0.97 143.75 0.76 118 3 16
0.83 143.80 0.76 104 3 16
0.68 143.85 0.76 89 3 16
0.79 143.90 0.76 100 3 16
0.82 143.95 0.76 103 3 16
0.64 144.00 0.76 85 3 16
0.67 144.05 0.76 88 3 16
0.77 144.10 0.76 98 3 16
0.77 144.15 0.76 98 3 16
0.85 144.20 0.76 106 3 16
0.72 144.25 0.76 93 3 16
0.99 144.30 0.76 120 3 16
0.82 144.35 0.76 103 3 16
0.65 144.40 0.76 86 3 16
0.63 144.45 0.76 84 3 16
0.45 144.50 0.76 66 3 16
0.76 144.55 0.76 97 3 16
1.00 144.60 0.76 121 3 16
0.67 144.65 0.76 88 3 16
1.20 144.70 0.76 141 3 16
0.94 144.75 0.76 115 3 16
0.61 144.80 0.76 82 3 16
0.79 144.85 0.76 100 3 16
0.69 144.90 0.76 90 3 16
0.71 144.95 0.76 92 3 16
0.54 145.00 0.76 75 3 16
0.49 145.05 0.76 70 3 16
0.71 145.10 0.76 92 3 16
0.64 145.15 0.76 85 3 16
0.71 145.20 0.76 92 3 16
0.66 145.25 0.76 87 3 16
0.81 145.30 0.76 102 3 16
0.59 145.35 0.76 80 3 16
0.72 145.40 0.76 93 3 16
0.61 145.45 0.76 82 3 16
0.77 145.50 0.76 98 3 16
0.80 145.55 0.76 101 3 16
0.71 145.60 0.76 92 3 16
0.52 145.65 0.76 73 3 16
0.65 145.70 0.76 86 3 16
0.63 145.75 0.76 84 3 16
0.85 145.80 0.76 106 3 16
0.61 145.85 0.76 82 3 16
0.89 145.90 0.76 110 3 16
0.74 145.95 0.76 95 3 16
0.62 146.00 0.76 83 3 16
0.55 146.05 0.76 76 3 16
0.64 146.10 0.76 85 3 16
0.71 146.15 0.76 92 3 16
0.94 146.20 0.76 115 3 16
0.50 146.25 0.76 71 3 16
0.62 146.30 0.76 83 3 16
0.65 146.35 0.76 86 3 16
0.62 146.40 0.76 83 3 16
0.45 146.45 0.76 66 3 16
1.10 146.50 0.76 131 3 16
0.66 146.55 0.76 87 3 16
0.47 146.60 0.76 68 3 16
0.42 146.65 0.76 63 3 16
0.62 146.70 0.76 83 3 16
0.58 146.75 0.76 79 3 16
0.69 146.80 0.76 90 3 16
0.56 146.85 0.76 77 3 16
0.67 146.90 0.76 88 3 16
0.61 146.95 0.76 82 3 16
0.60 147.00 0.76 81 3 16
0.72 147.05 0.76 93 3 16
0.65 147.10 0.76 86 3 16
0.70 147.15 0.76 91 3 16
0.85 147.20 0.76 106 3 16
0.79 147.25 0.76 100 3 16
0.60 147.30 0.76 81 3 16
0.66 147.35 0.76 87 3 16
0.56 147.40 0.51 77 2 16
0.46 147.45 0.51 67 2 16
0.38 147.50 0.51 59 2 16
0.48 147.55 0.51 69 2 16
0.55 147.60 0.51 76 2 16
0.41 147.65 0.51 62 2 16
0.48 147.70 0.51 69 2 16
0.46 147.75 0.51 67 2 16
0.45 147.80 0.51 66 2 16
0.85 147.85 0.76 106 3 16
0.61 147.90 0.76 82 3 16
0.88 147.95 0.76 109 3 16
0.58 148.00 0.76 79 3 16
0.71 148.05 0.76 92 3 16
0.48 148.10 0.76 69 3 16
0.97 148.15 0.76 118 3 16
0.69 148.20 0.76 90 3 16
0.52 148.25 0.76 73 3 16
0.73 148.30 0.76 94 3 16
0.66 148.35 0.76 87 3 16
0.75 148.40 0.76 96 3 16
0.51 148.45 0.76 72 3 16
0.74 148.50 0.76 95 3 16
0.82 148.55 0.76 103 3 16
0.59 148.60 0.76 80 3 16
0.86 148.65 0.76 107 3 16
0.58 148.70 0.76 79 3 16
0.68 148.75 0.76 89 3 16
0.77 148.80 0.76 98 3 16
0.62 148.85 0.76 83 3 16
0.36 148.90 0.76 57 3 16
1.13 148.95 0.76 134 3 16
0.91 149.00 0.76 112 3 16
0.49 149.05 0.76 70 3 16
0.68 149.10 0.76 89 3 16
0.66 149.15 0.76 87 3 16
0.76 149.20 0.76 97 3 16
0.52 149.25 0.76 73 3 16
0.62 149.30 0.76 83 3 16
0.90 149.35 0.76 111 3 16
0.58 149.40 0.76 79 3 16
0.76 149.45 0.76 97 3 16
0.67 149.50 0.76 88 3 16
0.70 149.55 0.76 91 3 16
0.58 149.60 0.76 79 3 16
0.88 149.65 0.76 109 3 16
0.78 149.70 0.76 99 3 16
0.85 149.75 0.76 106 3 16
0.71 149.80 0.76 92 3 16
0.90 149.85 0.76 111 3 16
0.67 149.90 0.76 88 3 16
1.00 149.95 0.76 121 3 16
0.96 150.00 0.76 117 3 16
0.71 150.05 0.76 92 3 16
0.56 150.10 0.76 77 3 16
0.66 150.15 0.76 87 3 16
0.78 150.20 0.76 99 3 16
1.11 150.25 0.76 132 3 16
0.59 150.30 0.51 80 2 16
0.49 150.35 0.51 70 2 16
0.39 150.40 0.51 60 2 16
0.15 150.45 0.06 36 1 16
-0.08 150.50 0.06 13 1 16
0.23 150.55 0.06 44 1 16
0.13 150.60 0.06 34 1 16
-0.00 150.65 0.06 21 1 16
-0.08 150.70 0.06 13 1 16
-0.01 150.75 0.06 20 1 16
0.05 150.80 0.06 26 1 16
0.11 150.85 0.06 32 1 16
0.09 150.90 0.06 30 1 16
0.24 150.95 0.06 45 1 16
-0.12 151.00 0.06 9 1 16
0.11 151.05 0.06 32 1 16
-0.04 151.10 0.06 17 1 16
0.03 151.15 0.06 24 1 16
-0.03 151.20 0.06 18 1 16
0.06 151.25 0.06 27 1 16
-0.20 151.30 0.06 1 1 16
-0.14 151.35 0.06 7 1 16
-0.09 151.40 0.06 12 1 16
0.03 151.45 0.06 24 1 16
-0.01 151.50 0.06 20 1 16
-0.12 151.55 0.06 9 1 16
0.02 151.60 0.06 23 1 16
0.12 151.65 0.06 33 1 16
-0.02 151.70 0.06 19 1 16
0.14 151.75 0.06 35 1 16
0.09 151.80 0.06 30 1 16
-0.13 151.85 0.06 8 1 16
0.00 151.90 0.06 21 1 16
-0.03 151.95 0.06 18 1 16
-0.10 152.00 0.06 11 1 16
-0.20 152.05 0.06 1 1 16
-0.09 152.10 0.06 12 1 16
-0.10 152.15 0.06 11 1 16
0.18 152.20 0.06 39 1 16
0.54 152.25 0.06 75 1 16
-0.03 152.30 0.06 18 1 16
-0.11 152.35 0.06 10 1 16
0.63 152.40 0.51 84 2 16
0.28 152.45 0.51 49 2 16
-0.08 152.50 0.06 13 1 16
0.37 152.55 0.06 58 1 16
0.38 152.60 0.06 59 1 16
0.19 152.65 0.06 40 1 16
0.19 152.70 0.06 40 1 16
0.15 152.75 0.06 36 1 16
-0.05 152.80 0.06 16 1 16
0.25 152.85 0.06 46 1 16
-0.02 152.90 0.06 19 1 16
0.24 152.95 0.06 45 1 16
0.00 153.00 0.06 21 1 16
-0.01 153.05 0.06 20 1 16
0.65 153.10 0.51 86 2 16
0.43 153.15 0.51 64 2 16
0.32 153.20 0.51 53 2 16
0.09 153.25 0.51 30 2 16
0.76 153.30 0.51 97 2 16
0.19 153.35 0.51 40 2 16
0.50 153.40 0.51 71 2 16
0.46 153.45 0.51 67 2 16
0.18 153.50 0.51 39 2 16
0.49 153.55 0.51 70 2 16
1.16 153.60 0.51 137 2 16
-0.06 153.65 0.06 15 1 16
0.35 153.70 0.06 56 1 16
0.29 153.75 0.06 50 1 16
-0.14 153.80 0.06 7 1 16
-0.06 153.85 0.06 15 1 16
0.23 153.90 0.06 44 1 16
-0.10 153.95 0.06 11 1 16
0.42 154.00 0.06 63 1 16
-0.14 154.05 0.06 7 1 16
0.20 154.10 0.06 41 1 16
-0.08 154.15 0.06 13 1 16
0.15 154.20 0.06 36 1 16
0.01 154.25 0.06 22 1 16
0.01 154.30 0.06 22 1 16
0.11 154.35 0.06 32 1 16
0.05 154.40 0.06 26 1 16
0.39 154.45 0.06 60 1 16
0.03 154.50 0.06 24 1 16
0.22 154.55 0.06 43 1 16
0.13 154.60 0.06 34 1 16
0.12 154.65 0.06 33 1 16
0.34 154.70 0.06 55 1 16
0.06 154.75 0.06 27 1 16
-0.19 154.80 0.06 2 1 16
0.14 154.85 0.06 35 1 16
0.23 154.90 0.06 44 1 16
0.58 154.95 0.06 79 1 16
0.08 155.00 0.06 29 1 16
0.10 155.05 0.06 31 1 16
0.09 155.10 0.06 30 1 16
0.10 155.15 0.06 31 1 16
0.62 155.20 0.51 83 2 16
0.27 155.25 0.51 48 2 16
0.47 155.30 0.51 68 2 16
0.14 155.35 0.06 35 1 16
-0.02 155.40 0.06 19 1 16
-0.06 155.45 0.06 15 1 16
-0.12 155.50 0.06 9 1 16
-0.04 155.55 0.06 17 1 16
-0.02 155.60 0.06 19 1 16
0.13 155.65 0.06 34 1 16
-0.00 155.70 0.06 21 1 16
-0.12 155.75 0.06 9 1 16
-0.01 155.80 0.06 20 1 16
-0.03 155.85 0.06 18 1 16
0.32 155.90 0.06 53 1 16
0.08 155.95 0.06 29 1 16
0.18 156.00 0.06 39 1 16
-0.09 156.05 0.06 12 1 16
0.08 156.10 0.06 29 1 16
0.07 156.15 0.06 28 1 16
0.07 156.20 0.06 28 1 16
-0.00 156.25 0.06 21 1 16
-0.06 156.30 0.06 15 1 16
-0.03 156.35 0.06 18 1 16
0.11 156.40 0.06 32 1 16
0.06 156.45 0.06 27 1 16
0.10 156.50 0.06 31 1 16
-0.10 156.55 0.06 11 1 16
0.02 156.60 0.06 23 1 16
-0.02 156.65 0.06 19 1 16
0.01 156.70 0.06 22 1 16
0.10 156.75 0.06 31 1 16
0.10 156.80 0.06 31 1 16
0.03 156.85 0.06 24 1 16
-0.02 156.90 0.06 19 1 16
0.02 156.95 0.06 23 1 16
-0.06 157.00 0.06 15 1 16
0.08 157.05 0.06 29 1 16
0.03 157.10 0.06 24 1 16
0.13 157.15 0.06 34 1 16
0.01 157.20 0.06 22 1 16
0.07 157.25 0.06 28 1 16
0.05 157.30 0.06 26 1 16
0.09 157.35 0.06 30 1 16
-0.02 157.40 0.06 19 1 16
0.16 157.45 0.06 37 1 16
0.38 157.50 0.06 59 1 16
0.07 157.55 0.06 28 1 16
0.29 157.60 0.06 50 1 16
0.10 157.65 0.06 31 1 16
0.04 157.70 0.06 25 1 16
0.10 157.75 0.06 31 1 16
0.18 157.80 0.06 39 1 16
0.08 157.85 0.06 29 1 16
-0.01 157.90 0.06 20 1 16
0.28 157.95 0.06 49 1 16
-0.01 158.00 0.06 20 1 16
0.08 158.05 0.06 29 1 16
0.16 158.10 0.06 37 1 16
-0.00 158.15 0.06 21 1 16
0.10 158.20 0.06 31 1 16
0.27 158.25 0.06 48 1 16
0.06 158.30 0.06 27 1 16
0.08 158.35 0.06 29 1 16
0.12 158.40 0.06 33 1 16
-0.13 158.45 0.06 8 1 16
0.16 158.50 0.06 37 1 16
0.13 158.55 0.06 34 1 16
0.12 158.60 0.06 33 1 16
0.06 158.65 0.06 27 1 16
-0.03 158.70 0.06 18 1 16
-0.12 158.75 0.06 9 1 16
0.12 158.80 0.06 33 1 16
0.21 158.85 0.06 42 1 16
0.30 158.90 0.06 51 1 16
0.10 158.95 0.06 31 1 16
0.09 159.00 0.06 30 1 16
0.09 159.05 0.06 30 1 16
-0.11 159.10 0.06 10 1 16
-0.00 159.15 0.06 21 1 16
0.02 159.20 0.06 23 1 16
0.18 159.25 0.06 39 1 16
0.01 159.30 0.06 22 1 16
0.04 159.35 0.06 25 1 16
0.28 159.40 0.06 49 1 16
0.17 159.45 0.06 38 1 16
0.15 159.50 0.06 36 1 16
0.26 159.55 0.06 47 1 16
-0.01 159.60 0.06 20 1 16
-0.08 159.65 0.06 13 1 16
0.20 159.70 0.06 41 1 16
0.02 159.75 0.06 23 1 16
0.20 159.80 0.06 41 1 16
-0.04 159.85 0.06 17 1 16
0.01 159.90 0.06 22 1 16
0.32 159.95 0.06 53 1 16
0.19 160.00 0.06 40 1 16
0.09 160.05 0.06 30 1 16
0.13 160.10 0.06 34 1 16
0.32 160.15 0.06 53 1 16
0.41 160.20 0.06 62 1 16
0.14 160.25 0.06 35 1 16
-0.01 160.30 0.06 20 1 16
0.41 160.35 0.06 62 1 16
0.21 160.40 0.06 42 1 16
0.16 160.45 0.06 37 1 16
0.94 160.50 0.76 115 3 17
0.91 160.55 0.76 112 3 17
0.99 160.60 0.76 120 3 17
0.96 160.65 0.76 117 3 17
0.97 160.70 0.76 118 3 17
0.77 160.75 0.76 98 3 17
0.33 160.80 0.51 54 2 17
0.41 160.85 0.51 62 2 17
0.92 160.90 0.51 113 2 17
0.87 160.95 0.51 108 2 17
0.35 161.00 0.51 56 2 17
0.40 161.05 0.51 61 2 17
1.01 161.10 0.51 122 2 17
0.17 161.15 0.06 38 1 17
0.04 161.20 0.06 25 1 17
0.12 161.25 0.06 33 1 17
-0.02 161.30 0.06 19 1 17
-0.12 161.35 0.06 9 1 17
0.04 161.40 0.06 25 1 17
-0.04 161.45 0.06 17 1 17
0.29 161.50 0.06 50 1 17
-0.10 161.55 0.06 11 1 17
-0.03 161.60 0.06 18 1 17
-0.00 161.65 0.06 21 1 17
-0.08 161.70 0.06 13 1 17
-0.08 161.75 0.06 13 1 17
-0.03 161.80 0.06 18 1 17
0.18 161.85 0.06 39 1 17
-0.04 161.90 0.06 17 1 17
0.03 161.95 0.06 24 1 17
-0.14 162.00 0.06 7 1 17
-0.20 162.05 0.06 1 1 17
0.13 162.10 0.06 34 1 17
0.12 162.15 0.06 33 1 17
-0.20 162.20 0.06 1 1 17
0.01 162.25 0.06 22 1 17
-0.13 162.30 0.06 8 1 17
0.05 162.35 0.06 26 1 17
0.02 162.40 0.06 23 1 17
0.02 162.45 0.06 23 1 17
-0.11 162.50 0.06 10 1 17
-0.20 162.55 0.06 1 1 17
-0.11 162.60 0.06 10 1 17
-0.00 162.65 0.06 21 1 17
0.06 162.70 0.06 27 1 17
-0.16 162.75 0.06 5 1 17
-0.03 162.80 0.06 18 1 17
0.89 162.85 0.76 110 3 18
1.19 162.90 0.76 140 3 18
0.89 162.95 0.76 110 3 18
0.55 163.00 0.76 76 3 18
0.83 163.05 0.76 104 3 18
1.10 163.10 0.76 131 3 18
0.80 163.15 0.76 101 3 18
1.14 163.20 0.76 135 3 18
0.80 163.25 0.76 101 3 18
1.05 163.30 0.76 126 3 18
0.88 163.35 0.76 109 3 18
0.76 163.40 0.76 97 3 18
0.68 163.45 0.76 89 3 18
0.75 163.50 0.76 96 3 18
1.05 163.55 0.76 126 3 18
1.10 163.60 0.76 131 3 18
0.85 163.65 0.76 106 3 18
0.79 163.70 0.76 100 3 18
0.77 163.75 0.76 98 3 18
0.98 163.80 0.76 119 3 18
0.72 163.85 0.76 93 3 18
0.63 163.90 0.76 84 3 18
0.77 163.95 0.76 98 3 18
0.75 164.00 0.76 96 3 18
0.76 164.05 0.76 97 3 18
0.97 164.10 0.76 118 3 18
0.69 164.15 0.76 90 3 18
0.54 164.20 0.76 75 3 18
0.86 164.25 0.76 107 3 18
0.87 164.30 0.76 108 3 18
1.00 164.35 0.76 121 3 18
0.75 164.40 0.76 96 3 18
0.97 164.45 0.76 118 3 18
0.83 164.50 0.76 104 3 18
0.93 164.55 0.76 114 3 18
0.99 164.60 0.76 120 3 18
1.00 164.65 0.76 121 3 18
0.61 164.70 0.76 82 3 18
1.05 164.75 0.76 126 3 18
0.87 164.80 0.76 108 3 18
1.01 164.85 0.76 122 3 18
0.83 164.90 0.76 104 3 18
1.11 164.95 0.76 132 3 18
0.94 165.00 0.76 115 3 18
0.89 165.05 0.76 110 3 18
0.59 165.10 0.76 80 3 18
1.04 165.15 0.76 125 3 18
0.66 165.20 0.76 87 3 18
0.97 165.25 0.76 118 3 18
0.77 165.30 0.76 98 3 18
1.05 165.35 0.76 126 3 18
0.78 165.40 0.76 99 3 18
0.93 165.45 0.76 114 3 18
0.52 165.50 0.76 73 3 18
0.58 165.55 0.76 79 3 18
0.76 165.60 0.76 97 3 18
0.67 165.65 0.76 88 3 18
0.60 165.70 0.76 81 3 18
0.74 165.75 0.76 95 3 18
0.78 165.80 0.76 99 3 18
0.58 165.85 0.76 79 3 18
1.05 165.90 0.76 126 3 18
0.96 165.95 0.76 117 3 18
0.86 166.00 0.76 107 3 18
0.73 166.05 0.76 94 3 18
0.99 166.10 0.76 120 3 18
0.57 166.15 0.76 78 3 18
1.16 166.20 0.76 137 3 18
0.74 166.25 0.76 95 3 18
0.77 166.30 0.76 98 3 18
0.79 166.35 0.76 100 3 18
0.85 166.40 0.76 106 3 18
0.76 166.45 0.76 97 3 18
0.75 166.50 0.76 96 3 18
1.07 166.55 0.76 128 3 18
0.86 166.60 0.76 107 3 18
0.65 166.65 0.76 86 3 18
0.75 166.70 0.76 96 3 18
0.47 166.75 0.76 68 3 18
0.56 166.80 0.76 77 3 18
0.92 166.85 0.76 113 3 18
0.64 166.90 0.76 85 3 18
0.68 166.95 0.76 89 3 18
0.49 167.00 0.76 70 3 18
0.95 167.05 0.76 116 3 18
0.77 167.10 0.76 98 3 18
0.83 167.15 0.76 104 3 18
0.78 167.20 0.76 99 3 18
0.56 167.25 0.76 77 3 18
0.79 167.30 0.76 100 3 18
0.77 167.35 0.76 98 3 18
0.60 167.40 0.76 81 3 18
0.70 167.45 0.76 91 3 18
0.65 167.50 0.76 86 3 18
0.73 167.55 0.76 94 3 18
0.66 167.60 0.76 87 3 18
0.61 167.65 0.76 82 3 18
0.90 167.70 0.76 111 3 18
1.01 167.75 0.76 122 3 18
1.06 167.80 0.76 127 3 18
0.89 167.85 0.76 110 3 18
1.11 167.90 0.76 132 3 18
0.65 167.95 0.76 86 3 18
0.94 168.00 0.76 115 3 18
0.80 168.05 0.76 101 3 18
0.89 168.10 0.76 110 3 18
0.65 168.15 0.76 86 3 18
0.80 168.20 0.76 101 3 18
0.40 168.25 0.76 61 3 18
1.20 168.30 0.76 141 3 18
0.87 168.35 0.76 108 3 18
0.99 168.40 0.76 120 3 18
0.70 168.45 0.76 91 3 18
1.09 168.50 0.76 130 3 18
0.84 168.55 0.76 105 3 18
0.95 168.60 0.76 116 3 18
0.76 168.65 0.76 97 3 18
0.63 168.70 0.76 84 3 18
1.18 168.75 0.76 139 3 18
0.47 168.80 0.76 68 3 18
0.59 168.85 0.76 80 3 18
0.74 168.90 0.76 95 3 18
1.11 168.95 0.76 132 3 18
0.63 169.00 0.76 84 3 18
0.78 169.05 0.76 99 3 18
0.98 169.10 0.76 119 3 18
1.04 169.15 0.76 125 3 18
0.72 169.20 0.76 93 3 18
0.65 169.25 0.76 86 3 18
0.71 169.30 0.76 92 3 18
0.58 169.35 0.76 79 3 18
0.68 169.40 0.76 89 3 18
0.99 169.45 0.76 120 3 18
0.72 169.50 0.76 93 3 18
0.47 169.55 0.76 68 3 18
0.71 169.60 0.76 92 3 18
0.62 169.65 0.76 83 3 18
0.80 169.70 0.76 101 3 18
0.72 169.75 0.76 93 3 18
0.64 169.80 0.76 85 3 18
0.47 169.85 0.76 68 3 18
0.91 169.90 0.76 112 3 18
0.09 169.95 0.06 30 1 18
-0.02 170.00 0.06 19 1 18
0.00 170.05 0.06 21 1 18
-0.19 170.10 0.06 2 1 18
0.10 170.15 0.06 31 1 18
-0.03 170.20 0.06 18 1 18
0.16 170.25 0.06 37 1 18
0.01 170.30 0.06 22 1 18
-0.15 170.35 0.06 6 1 18
-0.13 170.40 0.06 8 1 18
0.01 170.45 0.06 22 1 18
-0.00 170.50 0.06 21 1 18
-0.00 170.55 0.06 21 1 18
-0.05 170.60 0.06 16 1 18
0.05 170.65 0.06 26 1 18
0.05 170.70 0.06 26 1 18
-0.04 170.75 0.06 17 1 18
-0.19 170.80 0.06 2 1 18
0.14 170.85 0.06 35 1 18
0.00 170.90 0.06 21 1 18
-0.09 170.95 0.06 12 1 18
-0.01 171.00 0.06 20 1 18
-0.15 171.05 0.06 6 1 18
-0.03 171.10 0.06 18 1 18
-0.13 171.15 0.06 8 1 18
0.12 171.20 0.06 33 1 18
-0.20 171.25 0.06 1 1 18
0.05 171.30 0.06 26 1 18
0.11 171.35 0.06 32 1 18
0.92 171.40 0.76 113 3 19
0.84 171.45 0.76 105 3 19
1.00 171.50 0.76 121 3 19
0.76 171.55 0.76 97 3 19
0.91 171.60 0.76 112 3 19
0.91 171.65 0.76 112 3 19
0.88 171.70 0.76 109 3 19
0.79 171.75 0.76 100 3 19
0.80 171.80 0.76 101 3 19
0.77 171.85 0.76 98 3 19
0.72 171.90 0.76 93 3 19
0.42 171.95 0.76 63 3 19
0.90 172.00 0.76 111 3 19
0.83 172.05 0.76 104 3 19
0.86 172.10 0.76 107 3 19
0.92 172.15 0.76 113 3 19
0.59 172.20 0.76 80 3 19
0.72 172.25 0.76 93 3 19
0.77 172.30 0.76 98 3 19
0.68 172.35 0.76 89 3 19
0.78 172.40 0.76 99 3 19
0.66 172.45 0.76 87 3 19
0.84 172.50 0.76 105 3 19
0.96 172.55 0.76 117 3 19
0.56 172.60 0.76 77 3 19
0.39 172.65 0.76 60 3 19
0.65 172.70 0.76 86 3 19
0.85 172.75 0.76 106 3 19
0.31 172.80 0.76 52 3 19
0.73 172.85 0.76 94 3 19
0.77 172.90 0.76 98 3 19
0.55 172.95 0.76 76 3 19
0.97 173.00 0.76 118 3 19
0.75 173.05 0.76 96 3 19
1.09 173.10 0.76 130 3 19
0.74 173.15 0.76 95 3 19
0.65 173.20 0.76 86 3 19
0.55 173.25 0.76 76 3 19
0.67 173.30 0.76 88 3 19
0.73 173.35 0.76 94 3 19
0.85 173.40 0.76 106 3 19
0.73 173.45 0.76 94 3 19
0.69 173.50 0.76 90 3 19
1.05 173.55 0.76 126 3 19
0.63 173.60 0.76 84 3 19
0.90 173.65 0.76 111 3 19
0.74 173.70 0.76 95 3 19
0.99 173.75 0.76 120 3 19
0.93 173.80 0.76 114 3 19
0.84 173.85 0.76 105 3 19
1.01 173.90 0.76 122 3 19
0.91 173.95 0.76 112 3 19
0.86 174.00 0.76 107 3 19
0.93 174.05 0.76 114 3 19
-0.08 174.10 0.06 13 1 19
-0.14 174.15 0.06 7 1 19
0.09 174.20 0.06 30 1 19
-0.01 174.25 0.06 20 1 19
-0.06 174.30 0.06 15 1 19
0.13 174.35 0.06 34 1 19
-0.06 174.40 0.06 15 1 19
0.27 174.45 0.06 48 1 19
-0.00 174.50 0.06 21 1 19
-0.04 174.55 0.06 17 1 19
0.11 174.60 0.06 32 1 19
-0.15 174.65 0.06 6 1 19
0.18 174.70 0.06 39 1 19
0.07 174.75 0.06 28 1 19
0.00 174.80 0.06 21 1 19
0.11 174.85 0.06 32 1 19
0.04 174.90 0.06 25 1 19
0.03 174.95 0.06 24 1 19
0.42 175.00 0.06 63 1 19
0.37 175.05 0.06 58 1 19
0.04 175.10 0.06 25 1 19
0.00 175.15 0.06 21 1 19
0.15 175.20 0.06 36 1 19
0.01 175.25 0.06 22 1 19
-0.06 175.30 0.06 15 1 19
-0.18 175.35 0.06 3 1 19
-0.03 175.40 0.06 18 1 19
0.17 175.45 0.06 38 1 19
0.03 175.50 0.06 24 1 19
0.05 175.55 0.06 26 1 19
0.09 175.60 0.06 30 1 19
-0.13 175.65 0.06 8 1 19
0.07 175.70 0.06 28 1 19
-0.17 175.75 0.06 4 1 19
0.65 175.80 0.76 86 3 20
1.06 175.85 0.76 127 3 20
1.15 175.90 0.76 136 3 20
0.72 175.95 0.76 93 3 20
0.73 176.00 0.76 94 3 20
0.91 176.05 0.76 112 3 20
0.78 176.10 0.76 99 3 20
0.89 176.15 0.76 110 3 20
1.16 176.20 0.76 137 3 20
0.77 176.25 0.76 98 3 20
0.96 176.30 0.76 117 3 20
0.93 176.35 0.76 114 3 20
0.95 176.40 0.76 116 3 20
0.90 176.45 0.76 111 3 20
0.78 176.50 0.76 99 3 20
0.84 176.55 0.76 105 3 20
0.81 176.60 0.76 102 3 20
0.96 176.65 0.76 117 3 20
1.14 176.70 0.76 135 3 20
0.87 176.75 0.76 108 3 20
0.96 176.80 0.76 117 3 20
0.76 176.85 0.76 97 3 20
0.95 176.90 0.76 116 3 20
1.06 176.95 0.76 127 3 20
0.68 177.00 0.76 89 3 20
0.71 177.05 0.76 92 3 20
0.84 177.10 0.76 105 3 20
0.73 177.15 0.76 94 3 20
0.92 177.20 0.76 113 3 20
0.93 177.25 0.76 114 3 20
0.78 177.30 0.76 99 3 20
0.82 177.35 0.76 103 3 20
0.65 177.40 0.76 86 3 20
0.76 177.45 0.76 97 3 20
0.64 177.50 0.76 85 3 20
0.57 177.55 0.76 78 3 20
1.12 177.60 0.76 133 3 20
0.79 177.65 0.76 100 3 20
0.74 177.70 0.76 95 3 20
1.01 177.75 0.76 122 3 20
0.76 177.80 0.76 97 3 20
0.71 177.85 0.76 92 3 20
0.68 177.90 0.76 89 3 20
0.82 177.95 0.76 103 3 20
0.77 178.00 0.76 98 3 20
0.61 178.05 0.76 82 3 20
0.89 178.10 0.76 110 3 20
0.90 178.15 0.76 111 3 20
0.63 178.20 0.76 84 3 20
0.47 178.25 0.51 68 2 20
-0.06 178.30 0.51 15 2 20
0.18 178.35 0.51 39 2 20
0.29 178.40 0.51 50 2 20
0.51 178.45 0.51 72 2 20
0.09 178.50 0.51 30 2 20
0.39 178.55 0.51 60 2 20
0.03 178.60 0.51 24 2 20
0.24 178.65 0.51 45 2 20
0.30 178.70 0.51 51 2 20
0.54 178.75 0.51 75 2 20
0.47 178.80 0.51 68 2 20
0.48 178.85 0.51 69 2 20
0.41 178.90 0.51 62 2 20
0.78 178.95 0.51 99 2 20
0.47 179.00 0.51 68 2 20
0.06 179.05 0.06 27 1 20
0.07 179.10 0.06 28 1 20
-0.02 179.15 0.06 19 1 20
0.08 179.20 0.06 29 1 20
0.38 179.25 0.06 59 1 20
0.05 179.30 0.06 26 1 20
0.26 179.35 0.06 47 1 20
0.42 179.40 0.51 63 2 20
0.28 179.45 0.51 49 2 20
0.33 179.50 0.51 54 2 20
0.41 179.55 0.51 62 2 20
0.27 179.60 0.51 48 2 20
0.15 179.65 0.51 36 2 20
0.56 179.70 0.51 77 2 20
0.50 179.75 0.51 71 2 20
0.29 179.80 0.51 50 2 20
0.34 179.85 0.51 55 2 20
0.13 179.90 0.51 34 2 20
0.45 179.95 0.51 66 2 20
0.37 180.00 0.51 58 2 20
0.74 180.05 0.51 95 2 20
0.34 180.10 0.51 55 2 20
0.42 180.15 0.51 63 2 20
0.23 180.20 0.51 44 2 20
0.36 180.25 0.51 57 2 20
0.56 180.30 0.51 77 2 20
0.40 180.35 0.51 61 2 20
0.39 180.40 0.51 60 2 20
0.59 180.45 0.51 80 2 20
0.14 180.50 0.06 35 1 20
0.00 180.55 0.06 21 1 20
0.06 180.60 0.06 27 1 20
-0.15 180.65 0.06 6 1 20
0.11 180.70 0.06 32 1 20
0.14 180.75 0.06 35 1 20
0.13 180.80 0.06 34 1 20
-0.03 180.85 0.06 18 1 20
0.45 180.90 0.06 66 1 20
0.17 180.95 0.06 38 1 20
0.15 181.00 0.06 36 1 20
0.75 181.05 0.76 96 3 21
0.90 181.10 0.76 111 3 21
0.70 181.15 0.76 91 3 21
1.16 181.20 0.76 137 3 21
0.68 181.25 0.76 89 3 21
0.71 181.30 0.76 92 3 21
0.77 181.35 0.76 98 3 21
0.75 181.40 0.76 96 3 21
0.90 181.45 0.76 111 3 21
0.96 181.50 0.76 117 3 21
0.85 181.55 0.76 106 3 21
0.89 181.60 0.76 110 3 21
0.81 181.65 0.76 102 3 21
0.82 181.70 0.76 103 3 21
1.02 181.75 0.76 123 3 21
0.82 181.80 0.76 103 3 21
0.91 181.85 0.76 112 3 21
0.80 181.90 0.76 101 3 21
0.40 181.95 0.51 61 2 21
0.06 182.00 0.06 27 1 21
0.04 182.05 0.06 25 1 21
-0.06 182.10 0.06 15 1 21
-0.01 182.15 0.06 20 1 21
-0.03 182.20 0.06 18 1 21
0.03 182.25 0.06 24 1 21
0.03 182.30 0.06 24 1 21
0.04 182.35 0.06 25 1 21
-0.13 182.40 0.06 8 1 21
-0.05 182.45 0.06 16 1 21
-0.03 182.50 0.06 18 1 21
0.02 182.55 0.06 23 1 21
0.05 182.60 0.06 26 1 21
-0.08 182.65 0.06 13 1 21
0.03 182.70 0.06 24 1 21
0.19 182.75 0.06 40 1 21
-0.07 182.80 0.06 14 1 21
0.10 182.85 0.06 31 1 21
0.00 182.90 0.06 21 1 21
0.04 182.95 0.06 25 1 21
-0.09 183.00 0.06 12 1 21
-0.15 183.05 0.06 6 1 21
0.01 183.10 0.06 22 1 21
0.87 183.15 0.51 108 2 22
0.83 183.20 0.51 104 2 22
0.60 183.25 0.51 81 2 22
0.67 183.30 0.51 88 2 22
0.64 183.35 0.51 85 2 22
0.34 183.40 0.51 55 2 22
0.45 183.45 0.51 66 2 22
0.29 183.50 0.51 50 2 22
0.70 183.55 0.51 91 2 22
0.72 183.60 0.51 93 2 22
0.57 183.65 0.51 78 2 22
0.59 183.70 0.51 80 2 22
0.52 183.75 0.51 73 2 22
0.60 183.80 0.51 81 2 22
0.55 183.85 0.51 76 2 22
0.78 183.90 0.51 99 2 22
0.56 183.95 0.51 77 2 22
0.55 184.00 0.51 76 2 22
0.57 184.05 0.51 78 2 22
0.77 184.10 0.51 98 2 22
0.81 184.15 0.51 102 2 22
0.59 184.20 0.51 80 2 22
0.52 184.25 0.51 73 2 22
0.42 184.30 0.51 63 2 22
0.21 184.35 0.51 42 2 22
0.45 184.40 0.51 66 2 22
0.70 184.45 0.51 91 2 22
0.63 184.50 0.51 84 2 22
0.79 184.55 0.51 100 2 22
0.30 184.60 0.51 51 2 22
0.07 184.65 0.06 28 1 22
0.19 184.70 0.06 40 1 22
-0.14 184.75 0.06 7 1 22
-0.09 184.80 0.06 12 1 22
0.10 184.85 0.06 31 1 22
0.03 184.90 0.06 24 1 22
0.03 184.95 0.06 24 1 22
-0.06 185.00 0.06 15 1 22
-0.01 185.05 0.06 20 1 22
0.05 185.10 0.06 26 1 22
-0.04 185.15 0.06 17 1 22
-0.15 185.20 0.06 6 1 22
0.09 185.25 0.06 30 1 22
-0.12 185.30 0.06 9 1 22
-0.16 185.35 0.06 5 1 22
-0.00 185.40 0.06 21 1 22
-0.04 185.45 0.06 17 1 22
-0.13 185.50 0.06 8 1 22
0.03 185.55 0.06 24 1 22
-0.15 185.60 0.06 6 1 22
0.05 185.65 0.06 26 1 22
0.12 185.70 0.06 33 1 22
-0.03 185.75 0.06 18 1 22
0.05 185.80 0.06 26 1 22
-0.06 185.85 0.06 15 1 22
-0.05 185.90 0.06 16 1 22
0.06 185.95 0.06 27 1 22
0.02 186.00 0.06 23 1 22
0.00 186.05 0.06 21 1 22
-0.06 186.10 0.06 15 1 22
-0.00 186.15 0.06 21 1 22
-0.13 186.20 0.06 8 1 22
0.10 186.25 0.06 31 1 22
0.05 186.30 0.06 26 1 22
-0.13 186.35 0.06 8 1 22
-0.05 186.40 0.06 16 1 22
0.01 186.45 0.06 22 1 22
0.02 186.50 0.06 23 1 22
-0.06 186.55 0.06 15 1 22
-0.04 186.60 0.06 17 1 22
-0.16 186.65 0.06 5 1 22
-0.01 186.70 0.06 20 1 22
0.05 186.75 0.06 26 1 22
-0.00 186.80 0.06 21 1 22
0.03 186.85 0.06 24 1 22
0.09 186.90 0.06 30 1 22
-0.02 186.95 0.06 19 1 22
0.03 187.00 0.06 24 1 22
-0.02 187.05 0.06 19 1 22
0.07 187.10 0.06 28 1 22
-0.04 187.15 0.06 17 1 22
-0.01 187.20 0.06 20 1 22
0.00 187.25 0.06 21 1 22
0.10 187.30 0.06 31 1 22
-0.16 187.35 0.06 5 1 22
-0.16 187.40 0.06 5 1 22
0.02 187.45 0.06 23 1 22
-0.10 187.50 0.06 11 1 22
-0.19 187.55 0.06 2 1 22
0.04 187.60 0.06 25 1 22
0.22 187.65 0.06 43 1 22
0.91 187.70 0.76 112 3 23
0.65 187.75 0.76 86 3 23
0.64 187.80 0.76 85 3 23
0.64 187.85 0.76 85 3 23
0.70 187.90 0.76 91 3 23
0.52 187.95 0.76 73 3 23
0.92 188.00 0.76 113 3 23
0.66 188.05 0.76 87 3 23
0.52 188.10 0.51 73 2 23
0.64 188.15 0.51 85 2 23
0.32 188.20 0.51 53 2 23
0.41 188.25 0.51 62 2 23
0.42 188.30 0.51 63 2 23
0.11 188.35 0.51 32 2 23
0.36 188.40 0.51 57 2 23
0.38 188.45 0.51 59 2 23
0.58 188.50 0.51 79 2 23
0.35 188.55 0.51 56 2 23
0.80 188.60 0.51 101 2 23
0.49 188.65 0.51 70 2 23
0.63 188.70 0.51 84 2 23
0.71 188.75 0.51 92 2 23
0.56 188.80 0.51 77 2 23
0.69 188.85 0.51 90 2 23
0.48 188.90 0.51 69 2 23
0.83 188.95 0.51 104 2 23
0.77 189.00 0.51 98 2 23
0.51 189.05 0.51 72 2 23
0.65 189.10 0.51 86 2 23
0.52 189.15 0.51 73 2 23
0.68 189.20 0.51 89 2 23
0.71 189.25 0.51 92 2 23
0.76 189.30 0.51 97 2 23
0.83 189.35 0.51 104 2 23
0.45 189.40 0.51 66 2 23
0.33 189.45 0.51 54 2 23
0.52 189.50 0.51 73 2 23
0.77 189.55 0.51 98 2 23
0.41 189.60 0.51 62 2 23
0.32 189.65 0.51 53 2 23
0.55 189.70 0.51 76 2 23
0.66 189.75 0.51 87 2 23
0.48 189.80 0.51 69 2 23
0.68 189.85 0.51 89 2 23
0.80 189.90 0.51 101 2 23
0.49 189.95 0.51 70 2 23
0.47 190.00 0.51 68 2 23
0.61 190.05 0.51 82 2 23
0.58 190.10 0.51 79 2 23
0.42 190.15 0.51 63 2 23
0.66 190.20 0.51 87 2 23
0.51 190.25 0.51 72 2 23
0.66 190.30 0.51 87 2 23
0.51 190.35 0.51 72 2 23
0.69 190.40 0.51 90 2 23
0.67 190.45 0.51 88 2 23
0.59 190.50 0.51 80 2 23
0.64 190.55 0.51 85 2 23
0.92 190.60 0.51 113 2 23
0.20 190.65 0.06 41 1 23
0.07 190.70 0.06 28 1 23
-0.19 190.75 0.06 2 1 23
-0.02 190.80 0.06 19 1 23
0.07 190.85 0.06 28 1 23
-0.00 190.90 0.06 21 1 23
0.06 190.95 0.06 27 1 23
0.28 191.00 0.51 49 2 23
0.68 191.05 0.51 89 2 23
-0.13 191.10 0.06 8 1 23
0.34 191.15 0.06 55 1 23
0.26 191.20 0.06 47 1 23
-0.07 191.25 0.06 14 1 23
0.05 191.30 0.06 26 1 23
0.25 191.35 0.06 46 1 23
0.68 191.40 0.51 89 2 23
0.33 191.45 0.51 54 2 23
0.81 191.50 0.51 102 2 23
-0.01 191.55 0.51 20 2 23
0.57 191.60 0.51 78 2 23
0.17 191.65 0.51 38 2 23
0.56 191.70 0.51 77 2 23
0.29 191.75 0.51 50 2 23
0.42 191.80 0.51 63 2 23
0.15 191.85 0.51 36 2 23
0.51 191.90 0.51 72 2 23
-0.17 191.95 0.06 4 1 23
-0.08 192.00 0.06 13 1 23
0.30 192.05 0.06 51 1 23
-0.15 192.10 0.06 6 1 23
0.09 192.15 0.06 30 1 23
0.10 192.20 0.06 31 1 23
0.38 192.25 0.06 59 1 23
0.42 192.30 0.06 63 1 23
0.22 192.35 0.06 43 1 23
-0.08 192.40 0.06 13 1 23
0.34 192.45 0.51 55 2 23
1.03 192.50 0.51 124 2 23
0.26 192.55 0.51 47 2 23
0.69 192.60 0.51 90 2 23
-0.05 192.65 0.06 16 1 23
0.18 192.70 0.06 39 1 23
0.27 192.75 0.06 48 1 23
-0.05 192.80 0.06 16 1 23
-0.08 192.85 0.06 13 1 23
-0.13 192.90 0.06 8 1 23
0.02 192.95 0.06 23 1 23
-0.04 193.00 0.06 17 1 23
0.29 193.05 0.51 50 2 23
0.50 193.10 0.51 71 2 23
-0.01 193.15 0.51 20 2 23
0.36 193.20 0.51 57 2 23
0.40 193.25 0.51 61 2 23
0.21 193.30 0.51 42 2 23
0.26 193.35 0.51 47 2 23
0.28 193.40 0.51 49 2 23
0.08 193.45 0.51 29 2 23
0.75 193.50 0.51 96 2 23
0.20 193.55 0.06 41 1 23
-0.15 193.60 0.06 6 1 23
-0.19 193.65 0.06 2 1 23
0.72 193.70 0.51 93 2 23
-0.06 193.75 0.06 15 1 23
-0.04 193.80 0.06 17 1 23
-0.05 193.85 0.06 16 1 23
0.16 193.90 0.06 37 1 23
-0.12 193.95 0.06 9 1 23
0.39 194.00 0.06 60 1 23
0.03 194.05 0.06 24 1 23
0.70 194.10 0.51 91 2 23
0.21 194.15 0.06 42 1 23
0.31 194.20 0.06 52 1 23
-0.20 194.25 0.06 1 1 23
0.31 194.30 0.06 52 1 23
0.16 194.35 0.06 37 1 23
0.20 194.40 0.06 41 1 23
0.31 194.45 0.06 52 1 23
1.00 194.50 0.76 121 3 23
0.77 194.55 0.76 98 3 23
0.72 194.60 0.76 93 3 23
0.76 194.65 0.76 97 3 23
0.64 194.70 0.76 85 3 23
0.92 194.75 0.76 113 3 23
0.97 194.80 0.76 118 3 23
0.75 194.85 0.76 96 3 23
0.62 194.90 0.76 83 3 23
0.64 194.95 0.76 85 3 23
0.91 195.00 0.76 112 3 23
0.75 195.05 0.76 96 3 23
0.66 195.10 0.76 87 3 23
0.85 195.15 0.76 106 3 23
0.57 195.20 0.76 78 3 23
0.97 195.25 0.76 118 3 23
0.66 195.30 0.76 87 3 23
0.88 195.35 0.76 109 3 23
0.98 195.40 0.76 119 3 23
0.66 195.45 0.76 87 3 23
0.63 195.50 0.76 84 3 23
0.78 195.55 0.76 99 3 23
0.60 195.60 0.76 81 3 23
0.76 195.65 0.76 97 3 23
0.68 195.70 0.76 89 3 23
0.51 195.75 0.76 72 3 23
0.47 195.80 0.76 68 3 23
0.64 195.85 0.76 85 3 23
0.87 195.90 0.76 108 3 23
0.74 195.95 0.76 95 3 23
0.74 196.00 0.76 95 3 23
1.03 196.05 0.76 124 3 23
0.27 196.10 0.51 48 2 23
0.64 196.15 0.51 85 2 23
0.60 196.20 0.51 81 2 23
0.45 196.25 0.51 66 2 23
0.88 196.30 0.51 109 2 23
0.68 196.35 0.51 89 2 23
0.86 196.40 0.51 107 2 23
0.63 196.45 0.51 84 2 23
0.33 196.50 0.51 54 2 23
0.55 196.55 0.51 76 2 23
0.67 196.60 0.51 88 2 23
0.61 196.65 0.51 82 2 23
1.14 196.70 0.51 135 2 23
0.39 196.75 0.51 60 2 23
0.81 196.80 0.51 102 2 23
0.68 196.85 0.51 89 2 23
0.54 196.90 0.51 75 2 23
0.68 196.95 0.51 89 2 23
0.54 197.00 0.51 75 2 23
0.50 197.05 0.51 71 2 23
0.53 197.10 0.51 74 2 23
0.79 197.15 0.51 100 2 23
0.51 197.20 0.51 72 2 23
0.68 197.25 0.51 89 2 23
0.56 197.30 0.51 77 2 23
0.56 197.35 0.51 77 2 23
0.51 197.40 0.51 72 2 23
0.90 197.45 0.51 111 2 23
0.74 197.50 0.51 95 2 23
0.75 197.55 0.51 96 2 23
0.21 197.60 0.06 42 1 23
0.12 197.65 0.06 33 1 23
0.25 197.70 0.06 46 1 23
-0.01 197.75 0.06 20 1 23
0.09 197.80 0.06 30 1 23
-0.15 197.85 0.06 6 1 23
0.12 197.90 0.06 33 1 23
0.00 197.95 0.06 21 1 23
0.20 198.00 0.06 41 1 23
0.21 198.05 0.06 42 1 23
0.15 198.10 0.06 36 1 23
0.26 198.15 0.06 47 1 23
0.45 198.20 0.06 66 1 23
-0.03 198.25 0.06 18 1 23
-0.02 198.30 0.06 19 1 23
